1.160999999640921538e-06 2.478900000006944925e-05 1.825999999738314643e-06
3.072000000372554292e-06 3.531300000020109802e-05 1.677600000022039117e-05
1.834000001394997551e-06 4.439900000036800493e-05 1.323399999996866047e-05
1.825999999880423266e-06 4.497600000036072526e-05 1.853299999993396219e-05
2.745999999973491732e-06 4.650899999980140609e-05 1.701199999999403257e-05
3.056999999770937427e-06 5.200700000010271998e-05 2.529200000047637922e-05
4.224999999848932727e-06 7.189199999956486441e-05 1.957399999966469281e-05
6.003000000234237598e-06 1.922669999999015891e-04 3.398099999955661425e-05
1.498199999993232702e-05 1.249430000004281239e-04 2.863800000007188522e-05
1.000800000028334580e-05 1.653720000003033885e-04 1.530900000012991313e-05
5.875000000088448529e-06 9.913800000006744940e-05 1.242499999982271647e-05
7.040999999574637852e-06 1.922480000003901025e-04 2.780599999965715943e-05
1.657399999992037302e-05 1.537709999995939955e-04 1.260499999965247807e-05
5.951999999922463385e-06 1.480099999995587712e-04 1.456799999999702703e-05
1.030400000004760827e-05 1.272960000000011881e-04 1.046200000025976378e-05
5.370000000013419798e-06 1.310809999998951991e-04 1.468300000048827708e-05
1.251300000021160438e-05 2.358619999998268115e-04 1.389700000011373545e-05
8.268000000057895840e-06 1.121799999998529551e-04 1.485000000030822694e-05
8.456999999495451787e-06 1.163779999997416374e-04 9.998999999965007694e-06
7.744999999701462776e-06 1.810890000002274389e-04 1.055000000008021804e-05
7.809999999963678990e-06 1.510929999999888174e-04 1.022299999981157773e-05
7.925000000739145870e-06 2.118749999996794150e-04 1.993699999978559804e-05
2.196500000010814639e-05 2.255200000002588489e-04 1.448900000013963984e-05
1.744900000012705678e-05 1.872769999997814141e-04 1.063700000059952820e-05
8.534000000182118806e-06 2.146680000004153022e-04 1.524100000004580104e-05
1.863999999983434518e-05 2.001779999997665917e-04 1.647699999985263825e-05
2.154499999981851596e-05 3.050039999998688071e-04 1.525100000030477110e-05
1.188099999971825508e-05 2.651299999995870588e-04 1.505800000025203685e-05
2.260600000028034764e-05 2.719379999999915949e-04 2.525899999930913950e-05
1.272200000045131728e-05 2.379430000003423997e-04 1.091100000046196776e-05
1.162500000020827490e-05 2.553440000001217154e-04 1.099999999965461864e-05
1.302799999947978924e-05 3.846290000003449320e-04 1.019099999979289317e-05
1.208100000042122783e-05 3.452470000005547555e-04 1.553999999984512201e-05
2.302999999976407226e-05 2.397949999999582349e-04 1.020599999996818564e-05
1.317500000062921171e-05 3.565170000001671724e-04 1.102700000075174137e-05
1.651500000001249232e-05 2.936030000001466122e-04 1.356099999995308226e-05
1.219299999974055040e-05 1.929189999997049621e-04 1.115000000019961176e-05
1.508200000039039471e-05 4.645440000001599228e-04 2.071700000009002438e-05
2.334300000050859580e-05 3.493929999999778623e-04 1.404199999960553716e-05
1.869799999980159392e-05 3.190269999998207747e-04 1.106599999992852272e-05
2.171000000046774566e-05 3.324620000000066706e-04 1.079899999886890721e-05
1.683500000005721937e-05 3.847990000000578556e-04 1.287199999993049392e-05
1.780399999930182221e-05 3.378500000001594312e-04 1.096899999986078456e-05
1.656299999950761008e-05 3.530689999995928452e-04 1.101400000031560439e-05
1.655799999994655869e-05 3.590440000001393606e-04 1.154599999985350658e-05
1.675700000063784528e-05 3.239229999999792870e-04 1.088199999962569122e-05
1.729500000067218799e-05 4.149630000004833554e-04 2.178200000038543640e-05
4.880600000021217830e-05 4.543839999998056079e-04 1.372800000041252167e-05
4.085899999999753645e-05 5.419900000001121130e-04 2.294099999978982342e-05
3.308999999987349730e-05 3.197230000003514999e-04 1.534700000000555038e-05
3.732999999982666660e-05 4.658880000003051713e-04 1.132699999992325896e-05
3.472599999966519081e-05 4.894680000001727779e-04 1.017700000012666799e-05
3.048600000006729423e-05 4.577169999999597307e-04 1.471099999982072913e-05
3.748200000011081692e-05 4.676259999999388085e-04 1.659600000010641614e-05
3.868300000000601948e-05 4.228660000000417280e-04 1.362400000019192784e-05
4.248700000019311839e-05 6.749899999996955427e-04 2.055400000031681749e-05
4.267000000020004520e-05 4.750480000001999770e-04 1.134600000064267553e-05
2.487799999919104762e-05 6.302570000000428871e-04 1.062199999985580207e-05
3.088000000005308775e-05 5.010469999997724418e-04 1.105400000000145135e-05
2.277200000051493657e-05 4.899379999995545935e-04 1.079500000017219416e-05
2.208500000008939532e-05 4.198889999999977276e-04 1.058199999988573829e-05
2.309000000060734719e-05 6.503820000001780477e-04 1.628600000017854736e-05
2.920300000063491701e-05 5.955010000003113993e-04 2.091400000040266591e-05
6.278699999995752002e-05 6.683709999997943961e-04 1.423600000002522861e-05
3.205599999994035470e-05 6.500489999999104276e-04 1.398600000015903849e-05
3.111899999957756574e-05 7.445609999994218242e-04 1.531999999983213402e-05
3.326399999998841124e-05 5.265070000001515231e-04 1.958600000044441296e-05
4.254100000046889520e-05 5.928319999999587513e-04 1.450400000059914914e-05
2.913600000006510995e-05 4.860129999996587306e-04 1.100000000015199978e-05
2.505899999988514415e-05 4.746590000001304805e-04 1.085599999967712365e-05
2.439799999983449571e-05 4.092699999996085385e-04 1.083700000037879288e-05
2.875099999990027340e-05 7.307479999995791439e-04 1.030699999986950415e-05
4.479900000021075113e-05 6.457100000000792241e-04 1.636499999953855341e-05
5.608299999984467268e-05 7.663300000000105878e-04 1.791099999991274726e-05
7.050599999992356937e-05 5.975180000002211847e-04 1.199799999973549802e-05
2.894699999892225137e-05 5.659459999998972231e-04 1.110499999946057340e-05
2.685900000017227447e-05 4.818380000002520265e-04 1.088799999990897083e-05
2.705200000079344068e-05 4.833810000002358807e-04 1.087500000046759444e-05
3.199899999991373452e-05 5.469609999997970340e-04 1.077599999952383348e-05
3.243199999992896156e-05 6.716180000002224980e-04 1.090000000012025733e-05
3.085300000009283232e-05 5.591289999998139571e-04 1.132899999952030605e-05
3.128099999983646929e-05 7.990110000000072345e-04 1.545400000011909429e-05
5.794700000002705694e-05 6.762080000001447150e-04 1.713999999985560312e-05
5.925699999998812663e-05 7.999280000005625814e-04 2.175600000036581632e-05
5.009100000002320057e-05 7.011119999997816876e-04 1.108299999962980639e-05
3.260000000032903461e-05 5.904029999997817283e-04 1.150499999965859401e-05
3.395200000021247942e-05 6.487100000003919809e-04 1.086299999990103522e-05
3.495299999947576344e-05 6.792709999997015823e-04 1.065699999948321820e-05
3.181200000028639168e-05 5.974879999997994998e-04 1.050799999987361762e-05
3.058899999963671235e-05 5.614749999996604011e-04 1.061800000009327423e-05
3.283400000007930029e-05 6.461050000003609392e-04 1.022200000008410839e-05
6.347300000001609391e-05 8.212860000001143395e-04 1.552799999977594393e-05
5.555200000031845667e-05 6.678890000003434363e-04 1.025499999997236901e-05
3.643899999971722780e-05 7.902400000000397865e-04 1.127299999922115522e-05
3.716900000007683204e-05 6.753359999996888475e-04 1.256200000042895206e-05
3.820399999952428814e-05 6.486930000004065668e-04 1.543499999996811474e-05
3.995800000033966626e-05 7.155529999997866947e-04 1.630599999984383363e-05
7.005999999989853569e-05 7.764649999996464961e-04 1.511400000012486075e-05
6.932599999998955776e-05 7.707009999992209389e-04 1.038899999940667880e-05
6.099299999995366761e-05 9.419400000005140718e-04 1.517000000013979307e-05
7.309399999996912920e-05 8.660240000003227275e-04 1.589099999996790167e-05
7.132800000007932849e-05 8.165389999995653668e-04 1.590999999997677619e-05
7.378700000003846559e-05 9.426159999999583284e-04 1.064899999967394740e-05
3.873300000002189071e-05 8.826209999999435046e-04 1.134000000021728751e-05
5.105499999970674864e-05 8.626470000000096726e-04 1.570299999976043732e-05
5.287599999995507330e-05 1.248750999999970277e-03 1.069199999967906967e-05
4.662899999992476004e-05 9.005499999995692081e-04 1.057499999987498934e-05
3.671099999991156437e-05 6.989640000001884866e-04 1.100900000018611936e-05
4.028899999930501963e-05 7.543940000002180611e-04 1.188900000002490702e-05
4.516600000030735189e-05 8.512390000000635880e-04 1.096499999995614831e-05
4.188299999988487668e-05 8.341789999999349448e-04 1.136999999992838123e-05
4.239800000071625407e-05 9.128190000003400494e-04 1.218000000037022821e-05
4.782100000028322246e-05 1.055073000000064090e-03 1.402599999991593965e-05
5.080900000017152170e-05 8.791339999994818083e-04 1.277399999999317970e-05
4.326200000015489877e-05 8.028630000001158069e-04 1.165699999980063253e-05
4.460399999970832439e-05 9.683069999996973560e-04 1.163699999978007354e-05
4.507999999987077872e-05 8.074860000004946674e-04 1.109299999988877476e-05
4.419300000044756735e-05 8.925990000002314738e-04 1.100899999983084833e-05
4.304899999972633450e-05 7.963619999995330372e-04 1.113999999986958749e-05
4.247100000043246837e-05 7.617689999997878528e-04 1.146700000020928201e-05
4.412400000035176910e-05 8.147050000000887826e-04 1.112099999964755204e-05
8.943499999993775331e-05 1.045862999999940327e-03 1.051100000005078453e-05
4.504400000001851042e-05 1.191626999999684288e-03 2.509299999992720104e-05
5.513700000008725537e-05 1.010164999999929678e-03 1.136899999970353245e-05
4.509399999960805980e-05 8.245330000002581636e-04 1.123299999996163519e-05
4.654900000048201362e-05 8.351739999996254590e-04 1.045800000049723594e-05
4.736999999984448014e-05 9.241159999999127217e-04 1.372900000035315363e-05
5.017300000005775636e-05 9.476359999997896293e-04 1.157199999958891153e-05
4.796500000004755483e-05 9.298219999995893745e-04 1.159500000014190846e-05
5.267399999965505176e-05 1.033863999999908934e-03 1.139300000033927144e-05
5.170799999966391115e-05 1.008943000000144192e-03 1.168299999960709169e-05
5.755999999983885145e-05 1.182783999999941112e-03 1.061800000037749275e-05
4.575000000009766025e-05 1.150091999999887154e-03 1.045200000000079372e-05
9.205300000004967788e-05 1.348067999999784687e-03 1.553599999986943325e-05
6.382800000004351659e-05 1.205365000000071466e-03 1.564000000016108128e-05
9.831800000014822693e-05 1.185370000000034521e-03 1.530699999989337649e-05
1.004799999997629800e-04 1.259034000000198647e-03 1.084199999951351903e-05
8.035200000065856384e-05 1.276311000000589398e-03 1.643100000016772851e-05
8.763599999994653444e-05 1.230148999999940412e-03 1.086500000027967858e-05
5.262600000030203903e-05 1.229128999999744591e-03 1.584299999990435026e-05
1.042979999997584227e-04 1.224504000000408051e-03 1.079200000027924407e-05
9.422299999990003212e-05 1.260954999999910247e-03 1.522600000015472708e-05
9.574000000014848302e-05 1.136054999999913662e-03 1.396100000008004867e-05
4.847700000055965520e-05 9.636699999997233330e-04 1.074300000013295230e-05
5.393699999963530363e-05 1.125381000000018599e-03 1.125000000001818989e-05
5.193399999953385521e-05 9.605160000004531054e-04 1.055900000018539184e-05
5.391299999949694747e-05 9.311179999994578836e-04 1.105299999998976519e-05
5.278099999969754316e-05 9.543800000000146437e-04 1.100200000024642631e-05
5.489799999978117604e-05 1.033756999999511190e-03 1.094799999989959360e-05
5.287900000020329442e-05 9.769670000002151321e-04 1.101399999974717075e-05
5.382700000069462611e-05 1.098258999999614976e-03 1.117399999991164269e-05
5.362299999923436834e-05 1.434872999999967612e-03 1.621900000031928235e-05
9.749099999993404546e-05 1.458666999999564881e-03 1.703899999952795938e-05
1.192959999997356081e-04 1.395074999999792445e-03 1.649000000014666512e-05
8.161199999982215417e-05 1.504697999999890989e-03 1.116800000005469001e-05
5.793700000047863233e-05 1.383704999999792965e-03 1.600099999976123305e-05
7.870200000013482698e-05 1.574861999999939075e-03 1.544700000003729282e-05
8.789999999955001072e-05 1.338184999999967239e-03 1.069299999997497266e-05
9.888000000039198171e-05 1.427439000000276870e-03 1.900699999993093916e-05
1.198780000000709812e-04 1.444144999999892424e-03 1.524099999997474683e-05
1.148760000003079567e-04 1.418084999999962188e-03 1.574499999996703604e-05
9.813199999939570804e-05 1.388767999999487249e-03 1.563900000007834091e-05
6.938600000005124490e-05 1.385482000000379851e-03 1.123799999973584750e-05
5.574799999976676326e-05 9.692710000000204478e-04 1.106199999988177805e-05
5.876199999981679439e-05 1.104405000000312394e-03 1.085100000089767023e-05
6.089600000038330720e-05 1.162248000000190009e-03 1.104000000019311776e-05
5.768899999957000145e-05 1.048093999999935013e-03 1.101099999985422066e-05
5.779599999961249285e-05 9.686750000002320241e-04 1.141800000098669491e-05
6.022000000044158479e-05 1.115202000000294937e-03 1.078200000016238412e-05
6.213100000060478687e-05 1.217853000000204125e-03 1.095699999922317113e-05
6.122599999969224882e-05 1.164168999999901609e-03 1.072399999976880675e-05
1.103120000001922530e-04 1.640091999999526750e-03 1.584299999990435026e-05
1.177379999997896275e-04 1.354227999999722083e-03 1.188400000039280312e-05
6.514600000024018062e-05 1.329226000000005613e-03 1.132499999911829036e-05
6.268600000012724725e-05 1.170921000000149084e-03 1.110600000032491173e-05
6.190900000021316060e-05 1.089039000000084981e-03 1.135299999937444709e-05
6.547199999992869943e-05 1.259287000000241987e-03 1.097400000055870323e-05
6.607999999935998620e-05 1.326099000000198263e-03 1.146799999993675135e-05
6.466999999979350269e-05 1.257840999999970720e-03 1.110000000004163212e-05
6.189500000004955090e-05 1.127297000000524515e-03 1.142699999995500140e-05
6.343600000015214792e-05 1.109723999999658777e-03 1.108699999960549515e-05
6.692100000037726692e-05 1.225714999999567671e-03 1.122800000018742119e-05
6.519399999987740340e-05 1.399158000000255610e-03 1.137999999990313447e-05
6.700300000012760588e-05 1.274424999999936936e-03 1.116700000032722066e-05
6.860699999968744036e-05 1.238254000000083097e-03 1.160499999926400953e-05
6.758100000027411570e-05 1.222311000000217938e-03 1.128799999889906826e-05
7.075399999948217881e-05 1.349690999999779775e-03 1.189600000046198120e-05
7.190200000053436637e-05 1.398034999999282421e-03 1.201700000009964188e-05
6.903099999973961217e-05 1.232149999999308061e-03 1.169299999986606006e-05
7.044200000024147975e-05 1.267314999999911073e-03 1.175500000030638209e-05
7.307399999987751092e-05 1.378380000000305541e-03 1.160800000036488281e-05
7.715400000023464871e-05 1.845344000000181993e-03 1.817600000109109715e-05
1.333539999994570833e-04 1.904323000000260942e-03 1.646999999991294181e-05
1.428990000009377960e-04 1.670345000000423869e-03 1.647799999958010590e-05
1.175720000001945247e-04 1.625217000000276453e-03 1.593899999946302281e-05
1.449219999987860655e-04 1.852360999999831366e-03 1.128999999949087423e-05
1.300619999985030853e-04 1.707312000000484964e-03 1.111200000053713713e-05
1.417289999994864112e-04 1.717677999999693865e-03 1.648599999981570363e-05
1.417140000006611520e-04 1.999788999999765459e-03 1.623399999985508698e-05
1.469269999998346163e-04 1.799355000000844038e-03 1.095900000052552086e-05
1.250590000006468450e-04 1.645852999999135530e-03 1.417899999978544582e-05
1.463450000007071529e-04 1.752119000000220642e-03 1.609999999956812671e-05
1.034699999988219978e-04 1.592375000000458875e-03 1.210099999994440568e-05
7.530200000090303710e-05 1.358347000000748083e-03 1.215300000055208289e-05
7.723500000039962505e-05 1.439964999999574424e-03 1.194700000041848438e-05
7.795299999941107888e-05 1.446821000000255699e-03 1.251499999952443465e-05
8.272600000012176311e-05 1.613492000000036437e-03 1.162899999954447581e-05
7.592699999861451834e-05 1.370914999999541710e-03 1.233399999975404110e-05
9.457700000155000182e-05 1.529954000001367866e-03 1.241999999876952677e-05
8.257999999969456548e-05 1.584518000000230105e-03 1.688900000004878274e-05
1.282169999990401244e-04 1.870813999999825167e-03 1.931099999964658255e-05
9.879200000000310227e-05 1.953593999999015014e-03 1.236600000098064886e-05
8.389999999991459845e-05 1.738551000000399058e-03 1.189700000011839634e-05
8.228000000002565998e-05 1.600187000000801102e-03 1.223800000062169548e-05
9.605399999955466282e-05 1.621285999999599924e-03 1.215799999954469893e-05
8.152500000022656055e-05 1.576419000000441831e-03 1.131000000057724801e-05
7.991900000050123178e-05 1.533946999999642562e-03 1.166199999943273643e-05
8.870499999972026087e-05 1.405018999999470015e-03 1.155000000011341385e-05
8.097699999908059053e-05 1.563587000000978781e-03 1.190499999950134191e-05
7.852800000051729078e-05 1.497408999999976257e-03 1.173600000015539916e-05
7.814800000048193927e-05 1.436642000000176635e-03 1.257999999978665087e-05
9.435799999934601622e-05 2.302064999999231358e-03 1.619000000019354957e-05
8.188699999934101904e-05 2.098798000000101725e-03 1.207099999859906354e-05
8.398200000044653876e-05 1.589306000000050272e-03 1.185400000053959930e-05
8.578300000095850431e-05 1.644774000000666023e-03 1.213699999951245377e-05
1.432500000002789777e-04 2.013368000000639434e-03 1.574300000058315326e-05
8.936399999967648109e-05 1.561629999998927990e-03 1.204000000058158630e-05
8.357900000021345965e-05 1.864767999999798927e-03 1.140199999966284897e-05
1.113439999997467539e-04 2.154419000001155191e-03 1.291999999921245075e-05
1.021389999991129116e-04 2.113670999998760233e-03 1.561800000018820247e-05
1.457480000003386110e-04 2.084177000000835261e-03 1.286599999872350963e-05
1.042690000004142743e-04 2.084832999999122142e-03 1.500599999985752227e-05
1.212029999994967928e-04 2.242549000001048572e-03 2.285699999973189869e-05
9.831800000029033873e-05 2.013005999999961746e-03 1.210800000023937146e-05
1.098540000003822581e-04 2.374876999998747160e-03 1.469200000158821314e-05
1.114600000011023423e-04 1.942591000000817294e-03 1.675500000004603930e-05
9.777899999946271020e-05 2.094309000000720272e-03 1.504999999951905968e-05
1.132800000004863185e-04 2.079137999999431784e-03 1.200399999973456081e-05
1.089939999998534907e-04 1.656535999999420071e-03 1.205000000013001261e-05
9.352900000010322130e-05 1.890751999998911996e-03 1.611199999928203546e-05
9.625499999984299989e-05 2.011296000000299764e-03 1.199099999908526122e-05
1.082789999995270553e-04 1.798502000000610189e-03 1.572900000041954695e-05
1.187369999995269203e-04 2.120910999999239387e-03 1.814600000059840717e-05
1.279939999999157928e-04 2.356820999999200555e-03 1.746399999930758868e-05
1.237669999999013606e-04 2.212466999999378615e-03 1.556400000140456568e-05
1.555730000005439673e-04 2.110177000000135281e-03 1.171600000063222130e-05
1.343179999996380091e-04 2.070691000000977021e-03 1.215299999927310718e-05
1.412039999995329243e-04 2.559125000000221813e-03 1.608699999991358601e-05
2.381260000002782774e-04 2.224992000000298661e-03 1.590100000015581922e-05
1.118010000011793230e-04 1.896379000000934052e-03 1.697799999973881476e-05
9.424400000071386676e-05 1.797260000000307006e-03 2.199400000023388256e-05
1.179499999997801719e-04 2.847352000000569032e-03 1.172500000109266612e-05
9.431700000078535378e-05 1.815084000000552955e-03 1.307500000052641506e-05
9.695399999927189767e-05 2.104365999999657701e-03 2.537399999951617274e-05
1.106809999994595722e-04 2.133540999999326143e-03 1.217500000066706841e-05
9.594700000022271687e-05 1.764654000000831415e-03 1.579900000038492126e-05
9.797599999927797398e-05 2.164878999999189212e-03 1.653599999968946644e-05
1.471920000000181972e-04 2.485154000001159498e-03 1.243400000049632561e-05
1.567079999996678864e-04 1.855725000000347721e-03 1.253599999998300505e-05
1.008550000005925529e-04 1.948627000000300409e-03 1.764999999963379250e-05
1.082850000004498329e-04 2.094638999998466207e-03 1.284699999985150579e-05
1.141770000003816676e-04 2.351293999999341973e-03 1.488400000042133804e-05
1.176749999990533974e-04 2.866834999998957301e-03 1.921200000083445115e-05
1.841070000000399843e-04 1.945717000000683934e-03 1.588800000007495328e-05
1.043729999993559009e-04 2.059801000000049866e-03 1.243399999978578355e-05
1.065250000000617054e-04 2.189847000000497840e-03 1.278900000059479741e-05
1.024039999998649397e-04 1.877277999999336054e-03 1.236599999941745463e-05
1.012639999991904515e-04 1.826875000000001241e-03 1.649799999995593761e-05
1.047810000012816610e-04 1.995793999999477802e-03 1.169800000042187033e-05
1.424519999991957905e-04 2.069705000000681121e-03 1.238999999969792090e-05
1.065939999998022310e-04 2.023094000000611511e-03 1.248600000067767757e-05
1.485520000007056632e-04 2.595072000000584519e-03 1.537600000006023065e-05
1.063000000002034594e-04 2.103543000000342861e-03 1.386300000007167855e-05
1.057150000005435648e-04 2.594160999999672781e-03 1.732900000050108396e-05
1.709190000002536300e-04 2.800436000000417099e-03 2.163399999957960049e-05
1.310359999997956384e-04 2.448822000000205803e-03 1.168999999947573054e-05
1.053650000002903680e-04 2.062297999999032194e-03 1.363400000016667939e-05
1.070330000010244524e-04 1.915614000000829360e-03 1.249299999983577436e-05
1.065730000001963195e-04 2.034129000000035534e-03 1.238100000065856020e-05
1.081160000001091313e-04 1.997097000000138539e-03 1.232299999983865759e-05
1.097470000007660885e-04 1.926201000000702344e-03 1.217699999983779028e-05
1.198750000003201378e-04 2.613641999999600802e-03 1.249499999971703828e-05
1.102259999994714630e-04 2.034467999999236502e-03 1.263200000053643648e-05
1.068690000005290190e-04 2.226916999999986255e-03 1.813600000076576234e-05
1.874269999994737754e-04 2.805582999999387591e-03 1.743899999979703420e-05
1.706049999994263457e-04 2.267688000000873776e-03 1.283000000029233053e-05
1.109899999997310293e-04 2.012564000000338811e-03 1.268499999994787666e-05
1.102289999998617959e-04 1.965228000000962625e-03 1.284100000177090826e-05
1.078340000000821398e-04 2.038113000000976033e-03 1.279900000014322372e-05
1.081499999990853667e-04 1.923565999999823310e-03 1.178899999985105785e-05
1.068319999995992481e-04 1.997512000000653890e-03 1.196799999874542691e-05
1.156979999990426249e-04 2.370327999999517418e-03 1.693799999969769338e-05
1.084870000005366868e-04 2.030228999998939798e-03 1.320200000037630114e-05
1.098230000012279084e-04 2.079437999998674531e-03 1.218500000007338631e-05
1.104619999995293212e-04 2.204877000000209520e-03 1.284699999985150579e-05
1.110319999997955230e-04 2.037567999999652206e-03 1.213800000030573790e-05
1.154969999994648333e-04 1.986391999999028574e-03 1.202600000013376316e-05
1.116599999997447363e-04 2.124058999999789421e-03 1.249899999919534760e-05
1.149110000000064220e-04 2.082139999999839224e-03 1.242299999987039835e-05
1.158040000009918869e-04 2.175994000000969382e-03 1.352499999995870894e-05
1.256139999991034940e-04 2.238183000000901549e-03 1.229099999946470200e-05
1.181620000004102194e-04 2.619357000001230028e-03 1.217099999990978170e-05
1.129690000009020380e-04 2.088550000000282108e-03 1.182999999855383039e-05
1.147559999994030082e-04 2.214008999999492883e-03 1.204999999856681838e-05
1.156820000001346254e-04 2.159427999999650148e-03 1.254999999957817602e-05
1.176790000006633379e-04 2.146644999999409737e-03 1.351799999994795999e-05
1.217080000004955287e-04 2.266788000000729934e-03 1.232399999977928955e-05
1.163939999992180706e-04 2.244294999999709751e-03 1.185399999997116565e-05
1.163760000002866886e-04 2.205283000000690576e-03 1.222499999954607065e-05
1.182580000009636440e-04 2.039086999999710926e-03 1.215999999928385444e-05
1.158740000002467192e-04 2.146984000000458186e-03 1.379800000023578758e-05
1.244239999996921272e-04 2.831444000001113060e-03 1.239399999988677398e-05
1.216610000000173332e-04 2.398055000000880437e-03 1.272199999988288194e-05
1.624620000002607954e-04 2.168823000000088749e-03 1.279799999920783119e-05
1.247099999997658296e-04 2.415806000000344719e-03 1.300300000025344989e-05
1.173479999991400264e-04 2.194808000000705514e-03 1.324699999898370993e-05
1.207729999995876819e-04 2.322019999999582959e-03 1.191200000050684974e-05
1.219739999989144508e-04 2.513819999998787372e-03 1.234200000013174724e-05
1.175089999999556723e-04 2.135596000000532582e-03 1.191899999994916504e-05
1.179150000008633080e-04 2.218139000000007854e-03 1.196100000058208900e-05
1.199440000006290970e-04 2.226745000000249827e-03 1.205999999896789686e-05
1.212750000003381967e-04 2.877721000000122049e-03 1.768500000011385910e-05
2.225040000001854488e-04 2.814603000000062173e-03 1.847199999929216709e-05
1.858469999993417245e-04 2.972714999999510714e-03 1.743500000017661478e-05
1.587669999996421655e-04 2.275728000000043667e-03 1.247400000067955200e-05
1.198910000009334518e-04 2.207128999999809996e-03 1.246399999999425671e-05
1.243250000001694334e-04 2.253557999999884331e-03 1.206499999852894655e-05
1.234230000000024943e-04 2.366962999999060353e-03 1.231800000041971462e-05
1.211809999982449383e-04 2.226431999999931455e-03 1.220200000034310533e-05
1.253309999991358739e-04 2.506007999999297978e-03 1.202599999942322110e-05
1.213300000003414479e-04 2.296628999999938969e-03 1.254900000006387099e-05
1.586179999995351940e-04 3.093216000000182774e-03 1.705400000048484812e-05
2.603779999996902635e-04 3.155031999999522406e-03 1.735799999963205786e-05
1.844129999990684512e-04 2.927550000000422956e-03 1.309300000016833069e-05
1.282679999995650578e-04 2.361877999999109200e-03 1.278099999822757181e-05
1.271100000009539566e-04 2.367299000000144642e-03 1.314399999913007330e-05
1.223309999997468302e-04 2.160041000000205696e-03 1.207999999962794370e-05
1.288089999995634116e-04 2.395282000000236236e-03 1.308900000026369444e-05
1.255689999993592264e-04 2.327259000000907619e-03 1.249899999990589135e-05
1.237319999998476294e-04 2.182152999999829174e-03 1.216400000018325126e-05
1.275220000002264117e-04 2.442143999999757398e-03 1.213799999973730256e-05
1.331299999991131168e-04 3.151593999999562166e-03 1.305000000044742524e-05
1.339519999994820301e-04 2.466736000000651144e-03 1.308499999908008249e-05
1.328630000001851461e-04 2.399504999998782785e-03 1.653999999987831952e-05
1.420259999997597257e-04 2.594222000000456860e-03 1.308600000029969185e-05
1.778720000002920101e-04 2.684534000000837577e-03 1.315699999935304765e-05
1.280249999990701424e-04 2.844837000000524120e-03 1.238000000000738449e-05
1.311030000000812422e-04 2.551360999999871884e-03 1.295299999966914502e-05
1.300410000008866984e-04 2.471466999998739485e-03 1.257399999872177500e-05
1.298810000008643383e-04 2.546532999999868725e-03 1.288100000067515726e-05
1.368980000005137656e-04 2.533453999999579851e-03 1.318499999968025858e-05
1.463109999990308476e-04 3.080379000001016825e-03 1.282200000034094962e-05
1.381400000003907215e-04 2.441094000000134864e-03 1.323899999974287278e-05
1.401179999999158142e-04 2.777022000000499685e-03 1.255599999993250983e-05
1.328260000001080189e-04 2.438633999999240045e-03 1.204100000066432667e-05
1.330499999994572027e-04 2.558867000000191079e-03 1.229199999869479190e-05
1.360379999998429000e-04 2.507690999998999325e-03 1.279899999957479008e-05
1.388630000001001008e-04 2.621521999999600842e-03 1.282600000095612793e-05
1.313729999985469021e-04 2.413798000000611042e-03 1.269499999992262990e-05
1.354910000006270831e-04 2.549127999999711933e-03 1.217700000040622392e-05
1.363469999996880352e-04 2.559211999998041009e-03 1.217700000026411551e-05
1.798240000003659231e-04 2.662191000000149136e-03 1.323599999906832643e-05
1.354420000006939387e-04 2.568917000000254993e-03 1.258400000011761235e-05
1.429499999991889949e-04 2.594953999999915877e-03 1.269300000004136598e-05
1.324870000001965190e-04 2.354642000000239932e-03 1.331600000057164821e-05
1.355350000000044139e-04 2.568738000000649752e-03 1.219599999942033787e-05
1.378550000005418442e-04 2.588470999999685756e-03 1.265599999825894965e-05
1.358390000011411346e-04 2.837729000000166306e-03 1.377399999981321289e-05
1.849209999994627781e-04 3.048366000000442191e-03 1.358099999976047864e-05
1.457079999993027308e-04 2.767957999999737240e-03 1.317400000075963396e-05
1.555010000005552207e-04 3.134719999999475808e-03 1.393700000008379923e-05
2.128649999994536323e-04 3.361732999999844738e-03 1.833000000033280162e-05
1.677019999998208234e-04 2.709101000000515430e-03 1.311500000085175156e-05
1.395629999993275425e-04 3.036786999999918461e-03 1.840399999991859537e-05
2.978219999997122483e-04 3.615898999999700436e-03 1.320600000056515421e-05
1.630810000006022262e-04 2.709996000000103322e-03 1.268399999901248581e-05
1.405969999994738460e-04 3.023933999999570479e-03 1.548199999945154464e-05
1.662209999990693545e-04 2.823077000000040557e-03 1.310799999913569998e-05
1.486730000004854424e-04 2.767600000000385377e-03 1.379200000030778069e-05
1.489389999997570082e-04 2.827928999999329389e-03 1.317099999994297751e-05
1.444529999993449056e-04 2.557648000000085475e-03 1.945400000025188092e-05
2.707030000004806403e-04 3.150485999999688268e-03 1.337899999938940628e-05
1.492509999992819173e-04 2.924812999999772817e-03 1.419099999964146298e-05
1.503859999996848154e-04 2.796362999999928503e-03 1.337799999973299284e-05
1.504150000000947752e-04 2.879240999999552707e-03 1.349500000131342831e-05
1.534299999994459453e-04 2.902801000000323518e-03 1.289600000063728712e-05
2.372530000002370744e-04 3.018909000000036171e-03 1.364300000048501749e-05
1.939099999991356115e-04 2.857362999999963921e-03 1.280900000068641061e-05
1.482469999994862021e-04 3.002475000000543945e-03 1.363000000111469530e-05
1.496880000003386580e-04 3.251211000000182524e-03 1.642299999957685805e-05
2.175449999995748894e-04 3.511189999999970914e-03 1.474300000054995575e-05
1.965349999998977745e-04 2.948270000000405722e-03 1.340999999968062150e-05
1.692780000004745565e-04 3.020433999999596469e-03 1.378000000030965512e-05
2.205909999999278084e-04 3.484777999999692961e-03 1.572500000051491070e-05
1.662700000012762335e-04 3.480997000000058978e-03 1.368200000001706987e-05
1.740960000007873965e-04 3.491234999999903808e-03 1.768999999995912731e-05
1.613470000003758374e-04 2.913382999999783018e-03 1.321699999991210407e-05
1.645139999990874447e-04 3.022127000000693776e-03 1.371399999968048171e-05
1.655140000001154011e-04 2.927889999999138109e-03 1.282600000024558587e-05
1.668259999995313993e-04 3.966928999999765927e-03 1.807100000021932761e-05
2.164220000001648757e-04 3.507038999999281381e-03 1.337699999993446929e-05
2.808320000011121855e-04 3.538996000000338253e-03 2.636800000004768690e-05
3.519890000006853587e-04 3.480635000001228770e-03 1.866299999946363574e-05
2.369189999991761007e-04 3.293204000000287193e-03 1.331999999862887341e-05
1.596519999993972739e-04 3.089546999998589016e-03 1.293399999966027220e-05
1.531340000005343503e-04 2.948474999999746177e-03 1.372600000010493252e-05
1.540679999995120441e-04 3.282261000000232746e-03 1.304400000108785200e-05
1.539800000004731861e-04 3.108519999999401554e-03 1.341800000062676129e-05
1.614089999995371803e-04 3.134610000000890261e-03 1.330500000022993777e-05
1.582449999999368997e-04 2.936367000000927700e-03 1.308800000003884566e-05
1.545660000007842547e-04 3.150898999999754077e-03 1.425599999990367919e-05
1.794539999995947591e-04 3.495683000000440049e-03 1.887899999985620430e-05
1.614579999998966330e-04 3.354492000000135459e-03 1.332799999957501320e-05
1.766530000006127953e-04 3.601760000000524611e-03 3.324900000080787933e-05
2.061170000006029438e-04 3.071073000000268567e-03 1.435299999954509042e-05
1.701320000002226715e-04 3.268307000000021494e-03 1.573899999954164633e-05
1.755829999999036848e-04 3.140930999999653941e-03 1.285699999954204052e-05
1.668369999998731232e-04 2.973660000000393280e-03 1.308300000019357915e-05
1.758689999992668553e-04 2.968702999999663951e-03 1.383500000059711979e-05
1.677980000008005834e-04 2.953111999999862448e-03 1.297000000079151451e-05
1.550900000003707776e-04 2.912505000000749095e-03 1.339700000187349353e-05
2.490069999988975117e-04 4.339443000000358340e-03 1.895899999965422345e-05
2.504749999999944738e-04 4.012745999999793763e-03 2.130900000096858093e-05
2.500999999990938315e-04 3.156337999999863243e-03 1.324099999962413669e-05
1.713280000001304805e-04 3.021714999999289969e-03 1.327200000005746033e-05
1.622800000009760781e-04 3.039184999999520152e-03 1.279999999866276987e-05
1.603860000001589090e-04 3.047834999999707740e-03 1.282200000076727486e-05
1.602520000005824841e-04 2.976257000000401970e-03 1.320700000036367776e-05
1.683050000006858346e-04 3.337325999999904858e-03 1.886299999938501222e-05
1.835880000002987431e-04 3.533203999999017138e-03 1.344700000046827895e-05
1.720939999989923384e-04 3.525008000000440234e-03 1.335099999934641387e-05
2.308569999998155795e-04 3.680732999999634242e-03 1.872100000056775516e-05
2.547340000006670597e-04 4.332165000000003270e-03 1.377599999912604317e-05
2.277369999997347415e-04 3.201857999998196456e-03 1.383599999940088276e-05
1.708309999989410374e-04 3.739451999999232699e-03 4.564300000083676342e-05
3.151059999996164108e-04 4.111893000000747811e-03 2.168899999958284834e-05
2.542289999993840865e-04 4.012841999998215808e-03 1.393799999931388743e-05
1.793340000006082792e-04 3.561558000000672897e-03 2.492499999959818389e-05
2.493670000004044747e-04 3.293587999998521653e-03 1.710699999847520249e-05
3.275650000009022581e-04 3.308013999999843621e-03 1.462400000036723206e-05
1.767719999986638911e-04 3.315285999998991446e-03 1.411399999938112119e-05
4.019020000012574461e-04 3.599029000000655409e-03 1.366499999903680880e-05
2.902400000004945447e-04 4.145660999999165736e-03 1.379199999945512853e-05
1.892340000003400714e-04 3.295777999998108360e-03 1.355100000068887278e-05
1.631220000015787350e-04 3.656542000000797578e-03 1.783299999885912135e-05
2.336440000001971363e-04 3.330436000001668791e-03 1.357100000035416074e-05
1.878000000007773570e-04 4.371602999998742273e-03 1.756700000242972386e-05
1.966929999991862067e-04 4.153016000000207125e-03 1.368100000064487156e-05
2.062870000000316438e-04 3.880813000000387161e-03 1.465299999864555550e-05
2.078669999994531357e-04 3.455531999999834642e-03 1.394300000043813304e-05
1.784059999982900904e-04 3.296701000000155229e-03 1.357999999981984668e-05
2.556289999998284808e-04 4.033582000000137877e-03 1.898499999867908465e-05
2.693959999993466941e-04 3.233467000000871550e-03 1.306799999980512405e-05
1.708459999977662966e-04 3.184929999999610434e-03 1.310700000232145646e-05
1.695369999984564077e-04 3.128979000002232204e-03 1.316900000034593211e-05
1.685449999990851298e-04 3.084967999999434912e-03 1.325599999915993963e-05
2.009170000022209078e-04 3.307488000000375922e-03 1.326500000118358036e-05
1.768609999999171123e-04 4.304455999999845517e-03 2.486099999856605927e-05
2.283719999996947038e-04 4.255158000000563122e-03 1.451900000091654834e-05
2.815650000002279047e-04 4.914738000001079958e-03 2.053299999914770673e-05
2.613820000001965105e-04 3.539210000000139310e-03 1.367599999923641082e-05
2.668149999990987562e-04 5.236936000000014073e-03 1.907000000073821839e-05
2.112630000019066778e-04 5.253863999999168651e-03 2.353200000044353119e-05
2.310829999998986642e-04 4.475636000000804762e-03 2.172399999949448129e-05
2.220850000000496147e-04 3.902518999997539421e-03 1.910000000037825790e-05
2.237879999978531367e-04 4.442628999999840428e-03 2.492299999943270314e-05
4.069460000002322799e-04 4.232544999998424755e-03 1.628499999895893630e-05
2.121860000005426747e-04 4.150000000001057357e-03 1.382800000044426242e-05
3.287729999996713559e-04 3.700193999998760072e-03 1.961099999931548127e-05
2.401580000005765247e-04 3.708480999998471292e-03 1.390899999961447988e-05
2.024189999983150290e-04 4.638595999999779729e-03 1.954499999868630617e-05
2.408779999998955710e-04 4.740077000001861017e-03 2.517500000038808207e-05
2.495120000014594639e-04 4.469145000001902013e-03 1.500200000037921125e-05
2.363320000000612708e-04 3.794267999999476493e-03 3.012300000051482265e-05
2.399910000002591784e-04 3.863136000001645906e-03 1.428599999826474299e-05
1.884690000005661984e-04 3.826261999999473924e-03 2.544900000231109529e-05
2.480760000000259272e-04 4.048846000000878680e-03 1.792899999884411914e-05
2.333379999998896903e-04 3.494173000000557871e-03 1.617899999928340549e-05
2.259359999990806370e-04 4.287766000000487604e-03 1.813799999894172193e-05
1.930520000018987167e-04 4.300635999999542075e-03 1.770499999906860331e-05
1.899189999988948275e-04 3.523853000000656127e-03 1.384099999967247620e-05
2.710909999987620549e-04 3.945565000001067558e-03 1.460799999961181978e-05
1.908570000006193292e-04 3.427870999998390480e-03 1.451700000103528442e-05
1.928349999997180865e-04 3.684068999998259958e-03 1.821899999953302689e-05
1.888750000011896104e-04 4.204865999998901732e-03 1.782600000069578514e-05
2.246280000008482711e-04 4.738151000000527698e-03 3.635199999877159241e-05
3.312739999995528749e-04 4.371534999998516122e-03 1.843899999897757785e-05
1.908450000007633120e-04 3.795613999999716479e-03 1.387800000117067571e-05
2.557259999997541140e-04 3.368865999999855025e-03 1.377899999937426428e-05
1.893350000000282188e-04 3.876132000001461953e-03 1.678199999901153246e-05
1.797160000006670132e-04 3.372901999998702965e-03 1.403300000049512225e-05
3.280459999996310151e-04 4.482700000002068710e-03 1.768899999916584488e-05
2.481359999998744331e-04 3.995874000001719932e-03 1.441399999919212833e-05
1.956720000012523953e-04 4.191941999998789747e-03 2.471100000036585833e-05
2.137019999986478048e-04 3.600167999998404866e-03 1.768599999991238265e-05
1.979349999990631626e-04 4.069901000000584503e-03 1.427599999885842340e-05
2.245129999997175349e-04 3.798752999996963999e-03 1.784900000046718411e-05
2.255979999995361010e-04 3.744950999999616462e-03 1.389999999958035860e-05
2.162100000015243528e-04 3.916523000000608767e-03 1.335599999947589890e-05
2.457889999988083002e-04 3.808654000001751930e-03 1.451399999837121861e-05
1.864739999996345465e-04 3.435524000001351046e-03 1.717200000058482975e-05
2.842630000003509958e-04 4.099005000001625619e-03 2.191899999928636936e-05
1.889190000005669411e-04 3.542509000000677519e-03 1.726400000023886605e-05
1.895000000007485044e-04 3.650570000001209653e-03 1.822199999992335642e-05
1.909970000008343082e-04 3.585529000002622962e-03 1.791999999937843150e-05
1.935570000000552573e-04 3.615725000001077452e-03 1.381899999870484020e-05
2.288950000007616890e-04 3.724313000000165595e-03 1.834600000108821391e-05
1.965179999993438319e-04 3.736471999999935178e-03 1.836700000183100282e-05
1.907689999995909602e-04 3.551941000000340305e-03 1.736600000043608924e-05
1.914249999992989593e-04 3.754048000000977797e-03 1.436600000033649842e-05
1.908939999984227219e-04 3.569627000000252966e-03 1.415000000093868874e-05
2.747509999969111071e-04 4.124991999998428409e-03 1.825899999914781964e-05
2.063820000003602163e-04 3.934518000000651085e-03 1.423500000043986768e-05
1.927539999994110119e-04 3.767685999999059905e-03 1.475999999996702091e-05
1.922770000001605727e-04 3.587274999998726292e-03 1.811200000275903235e-05
2.422670000004245496e-04 3.801788000000101437e-03 1.505999999949381122e-05
1.959819999981959773e-04 3.755506999999340748e-03 1.445600000153035662e-05
2.096910000011575979e-04 3.565981999997234076e-03 1.804200000179889576e-05
1.930070000011596665e-04 3.644241999998598571e-03 1.458999999897514526e-05
3.264890000016862164e-04 4.019552999999120857e-03 1.515499999982239387e-05
2.117799999993508155e-04 3.828478000001780436e-03 1.426300000019864496e-05
2.203979999990224423e-04 4.820589999999072388e-03 2.044399999903134948e-05
2.568710000002738568e-04 4.448366999999961782e-03 2.060899999833054757e-05
3.184249999998200781e-04 4.758879999998271403e-03 2.079200000025593963e-05
3.176609999994184407e-04 3.812175000000479329e-03 1.468799999884140527e-05
2.032980000004158769e-04 3.630324999999174924e-03 1.777799999757689780e-05
1.946610000018722531e-04 3.629774999999426689e-03 1.411800000028051802e-05
2.049860000022363216e-04 3.699889999999754920e-03 1.455899999967869062e-05
1.928090000009774388e-04 3.458160000000418555e-03 1.738500000101339402e-05
1.995249999990278346e-04 3.780458000001374330e-03 1.432999999991579817e-05
2.006800000003750083e-04 4.005356000000688532e-03 1.994300000063731299e-05
2.428059999976994645e-04 4.590720999999860219e-03 1.577799999864737347e-05
2.089150000014683363e-04 3.856376999999611230e-03 1.437899999928049537e-05
2.023710000005962749e-04 3.796150999999952074e-03 1.980100000110951387e-05
2.946500000001606038e-04 4.475209999999662895e-03 1.488699999924847334e-05
2.004099999996356138e-04 3.936044999999239319e-03 1.438499999835585179e-05
2.014139999985786853e-04 3.919276000000593459e-03 1.587900000146191950e-05
2.104240000008417101e-04 3.848504000001469298e-03 1.444899999910376128e-05
2.017879999985439164e-04 3.987826000002030365e-03 1.445300000170846074e-05
2.091479999992884489e-04 3.905694000001176495e-03 1.489900000194666043e-05
2.055379999995921058e-04 3.818442999999263100e-03 1.401100000009591820e-05
2.467479999978650193e-04 4.232704999999441220e-03 1.741899999984752772e-05
2.035590000016895872e-04 4.490764999997623290e-03 1.536899999933893964e-05
2.193519999988780098e-04 3.906942000000128423e-03 1.570399999963001338e-05
2.145979999994551690e-04 4.116723000002196244e-03 1.625399999852561437e-05
2.217529999987277864e-04 4.147301000001277563e-03 1.421799999917538978e-05
2.089949999989926276e-04 4.091903999999715012e-03 1.486800000009225268e-05
2.175769999999488467e-04 3.895039999998175725e-03 1.473900000121375315e-05
2.082800000016504858e-04 4.029355000000407749e-03 1.469500000069956527e-05
2.126209999980233057e-04 4.016240000000550689e-03 1.448799999963057423e-05
2.094410000000834727e-04 3.970298999998931461e-03 1.418500000056610656e-05
2.107110000005718445e-04 3.926728999999511138e-03 1.534800000058567188e-05
2.127800000002366600e-04 3.742385999998703184e-03 1.489399999911711388e-05
2.037730000006377027e-04 3.662689999998747226e-03 1.457000000073094311e-05
2.097209999993765363e-04 4.198463999999546212e-03 2.102499999978135653e-05
2.359820000003764941e-04 4.161140999999304521e-03 1.431299999978818926e-05
2.106279999989624219e-04 5.290745000000356829e-03 2.033600000316937345e-05
2.889880000000743816e-04 4.606544000001520228e-03 1.520500000054880716e-05
2.108400000000187912e-04 4.080950999998833595e-03 1.529500000003736272e-05
2.111600000000635115e-04 4.049628000000495692e-03 1.502899999962892293e-05
2.262840000000210239e-04 4.312064999998028829e-03 1.498299999866503579e-05
2.451680000027068001e-04 4.563385999999809185e-03 1.515899999958492171e-05
2.108410000008120635e-04 4.010058000001776729e-03 1.482400000014649845e-05
2.133599999996249510e-04 4.160424999998895562e-03 1.505000000037171015e-05
2.227799999988633274e-04 4.999226999999563902e-03 2.015000000284317301e-05
3.014989999982731314e-04 4.617480999999940688e-03 1.660300000082770715e-05
2.205990000004476195e-04 4.084575000000824872e-03 1.500500000133797612e-05
2.297350000020514818e-04 4.462808000000677809e-03 2.055300000307624874e-05
3.675079999987929092e-04 5.207824000000868883e-03 2.151600000019016093e-05
2.761630000011905135e-04 4.143384000000196847e-03 1.545399999940855223e-05
2.558210000000826594e-04 4.143108000000665647e-03 1.560900000072251823e-05
2.623110000013184877e-04 4.951095000000691262e-03 1.533100000074227810e-05
2.263040000019600549e-04 4.433003000001462836e-03 1.516899999842280597e-05
2.760570000006623559e-04 4.241198000000281736e-03 2.584700000028305981e-05
2.471340000002441987e-04 4.173606999998753786e-03 1.428199999963908414e-05
2.144150000015088023e-04 4.130938999998363427e-03 1.518200000134584183e-05
2.227570000010814597e-04 4.178812000002380539e-03 1.550100000002885281e-05
2.257500000004597409e-04 4.292327000000852912e-03 1.519500000057405561e-05
2.277999999986946012e-04 4.459467999998878787e-03 1.630499999947687643e-05
2.280619999996247435e-04 4.074067000002515142e-03 1.487899999887076720e-05
2.483020000005353744e-04 4.132317000001535165e-03 1.568999999960851547e-05
3.512940000001663044e-04 4.949495000002173545e-03 1.500299999861454058e-05
2.197680000000446019e-04 4.356928000001687382e-03 1.551399999840441442e-05
2.326320000003079182e-04 4.837469000001703989e-03 1.665299999956459928e-05
3.574949999998011489e-04 5.550391999999532838e-03 2.036399999866489330e-05
3.506260000003180916e-04 4.601615000000265285e-03 1.476199999899563436e-05
2.699550000025396890e-04 4.308765999997774682e-03 1.593600000035166899e-05
2.231889999995928487e-04 4.107713000001070140e-03 1.515400000045019556e-05
2.746999999996546909e-04 4.733640999999977686e-03 1.552700000019058130e-05
2.335530000001995253e-04 4.368343000001289125e-03 1.472900000010213262e-05
2.375829999988354638e-04 4.763146000001938773e-03 2.022300000163568094e-05
3.707979999992972028e-04 5.617694000000028956e-03 2.181799999902978151e-05
2.526819999999929569e-04 4.285987999999463227e-03 1.828599999953439692e-05
2.379210000000853142e-04 4.110803999998325145e-03 1.513499999930445544e-05
2.286250000000222945e-04 4.345983999999418652e-03 1.436700000027713038e-05
2.275570000023208195e-04 4.690368999999634629e-03 2.026099999994812565e-05
4.341600000023504457e-04 5.422797999999886751e-03 1.482300000020586649e-05
2.278769999986707143e-04 4.427880999998876597e-03 1.534299999974564479e-05
2.361880000009364212e-04 4.389915999999232168e-03 1.448099999976193369e-05
2.295070000005239373e-04 4.494191999999088555e-03 1.529199999794172887e-05
2.365329999977916497e-04 4.462681999998778688e-03 1.562299999875449498e-05
2.833299999994665043e-04 5.158405999998194949e-03 1.473499999946170586e-05
2.268880000005424401e-04 4.248351000001946397e-03 1.455800000059070913e-05
2.273980000001074651e-04 4.419817999998656294e-03 1.485400000063918843e-05
2.777819999997177460e-04 4.133912000001771156e-03 1.535199999779024492e-05
2.292430000011336287e-04 4.403340999999159379e-03 1.478699999978516623e-05
2.384759999998209423e-04 4.071263000000726294e-03 1.498500000167268815e-05
2.280369999982667661e-04 4.500424999999950298e-03 1.585600000197473397e-05
2.451289999999062340e-04 4.389638000002094205e-03 1.589500000022781064e-05
2.423839999997312556e-04 4.450168999998993340e-03 2.537699999976439385e-05
3.649489999972388540e-04 4.692857999997386044e-03 1.998800000023948236e-05
3.481310000003645677e-04 5.444716999999456991e-03 1.813099999878886457e-05
2.759969999999611792e-04 4.608468000000698339e-03 1.514500000070029280e-05
2.277419999995799961e-04 4.270961999998803584e-03 1.585900000009132890e-05
2.396470000022077383e-04 4.542810999998892277e-03 1.551700000050004828e-05
2.470499999989783711e-04 4.746313000001691623e-03 1.674000000122077673e-05
2.492880000011154975e-04 4.650627000001179671e-03 1.570799999996097486e-05
2.479610000000320854e-04 5.206685999999649886e-03 1.926599999961808795e-05
3.201069999997230167e-04 5.569745999999610973e-03 1.598800000067512937e-05
4.031089999980963772e-04 6.382404000001428920e-03 2.044200000113960332e-05
3.921129999991990233e-04 4.834150999997745800e-03 1.583700000054477533e-05
2.682710000001975350e-04 5.837288000000455737e-03 1.583300000106646770e-05
2.455759999998008403e-04 4.822410000001298505e-03 1.524200000091013937e-05
2.439029999996478095e-04 5.316835999999796301e-03 2.637000000106581811e-05
3.027249999993841725e-04 5.066201000001058392e-03 1.570600000036392776e-05
2.438219999999091550e-04 4.755786999999998300e-03 1.564900000033731098e-05
2.454360000010069793e-04 4.793343000000902313e-03 1.487500000138197733e-05
2.373719999999934847e-04 4.586137000000576475e-03 1.581100000038304683e-05
2.431589999994798615e-04 4.817578999998204346e-03 1.540899999810108192e-05
2.474250000005895453e-04 4.703969999999344301e-03 1.537600000062866429e-05
2.471490000016274432e-04 4.745309000000190458e-03 1.515999999924133515e-05
2.945940000009272829e-04 5.159651000002441097e-03 1.582299999995484378e-05
2.488359999989597630e-04 4.549374999999428876e-03 1.537499999926694822e-05
2.372570000005680359e-04 4.603772000000958334e-03 1.748699999978953310e-05
2.507830000024568844e-04 4.636421000002144063e-03 1.558399999822768372e-05
2.959239999998430968e-04 4.514781000000312079e-03 1.491500000128098691e-05
2.359609999999179254e-04 4.489090000000999468e-03 1.836400000001958579e-05
2.476460000002589281e-04 4.835675999999864381e-03 2.388899999829163735e-05
3.018040000011979070e-04 4.989366000002064608e-03 1.541299999871626023e-05
2.447859999978163462e-04 4.513082000001702489e-03 1.599200000072187403e-05
2.923019999997222623e-04 4.741277000001957974e-03 1.580499999960238778e-05
3.065349999988597769e-04 5.000426999998808242e-03 1.526200000000699369e-05
2.950890000008144051e-04 4.753472000000158633e-03 1.658100000241802426e-05
4.301320000004693589e-04 6.003334000000109215e-03 3.048500000090825684e-05
3.960379999998053639e-04 5.037181000000998284e-03 1.515100000005986604e-05
2.458619999993061226e-04 4.667852999999695142e-03 1.552699999763262990e-05
2.418430000014382163e-04 4.765576999996596480e-03 1.531499999970264899e-05
2.408630000005018647e-04 4.496041000000730418e-03 1.623400000084984586e-05
2.524209999998561411e-04 4.711927999997840046e-03 1.557799999886810878e-05
2.561440000002335161e-04 4.851224999999601689e-03 1.566400000001522063e-05
2.564420000021528008e-04 4.649758999998993697e-03 1.533100000017384446e-05
2.462779999993358745e-04 5.163830999999560918e-03 1.557500000046729702e-05
2.680619999989630785e-04 5.296454000000210688e-03 1.588700000183962565e-05
2.571659999998132705e-04 4.871312999999588382e-03 1.589599999988422578e-05
2.572120000004929222e-04 4.965319999999735084e-03 1.488899999856130362e-05
2.450539999998113780e-04 4.683119000000885920e-03 1.570700000115721358e-05
2.434909999976753116e-04 4.519399000000419268e-03 1.521999999880563269e-05
2.432140000013305390e-04 4.869155000000091951e-03 1.560199999914857336e-05
2.638290000007259659e-04 5.927933000001246212e-03 1.600600000045915172e-05
3.074030000001925925e-04 4.963609999997799747e-03 1.586300000099072403e-05
2.612330000019369653e-04 4.763188999998533429e-03 1.620900000034453250e-05
3.361109999991640745e-04 5.447392999997476004e-03 1.674399999899378681e-05
2.531089999996538739e-04 4.611504999999453680e-03 1.624299999917866281e-05
2.594579999998813968e-04 4.825399999999149640e-03 1.649499999928139127e-05
2.593060000017999387e-04 4.874896999999407156e-03 2.207600000076581610e-05
2.606999999994741562e-04 4.895271000000036947e-03 3.243600000160995803e-05
3.000780000007807974e-04 5.780012000000453801e-03 1.604000000014593589e-05
3.428929999998331260e-04 5.921395000001439257e-03 1.512300000001687362e-05
2.496669999990786112e-04 4.736936000001321610e-03 1.561299999991660903e-05
2.531259999994972575e-04 5.600089999998374840e-03 1.576199999874461504e-05
2.705389999999852340e-04 4.913280000000668640e-03 1.595799999961400236e-05
3.841559999997912092e-04 5.907728999997629953e-03 1.657899999912615507e-05
2.725199999983374298e-04 5.384417999995889763e-03 1.630499999919265961e-05
2.724020000002269626e-04 5.096132999999269768e-03 1.560400000045092478e-05
2.655190000012908275e-04 5.134186000000511528e-03 1.619700000020429852e-05
2.866619999986142007e-04 5.004523999999719620e-03 2.233000000046558826e-05
4.001520000005598550e-04 5.301987000002270946e-03 1.636800000028415566e-05
2.886529999989306946e-04 6.473543999998412207e-03 1.611599999876034309e-05
2.714259999996215724e-04 6.088964999999859490e-03 1.528899999897248685e-05
2.630279999988260832e-04 5.028061999999522760e-03 2.495100000061256624e-05
4.122330000001283917e-04 5.606620999999733720e-03 1.597400000150628194e-05
3.689079999986688563e-04 6.569035000001690466e-03 2.295299999872213421e-05
4.243740000012508301e-04 6.723514999998485807e-03 1.602600000069287503e-05
2.654389999997874600e-04 5.296954000000937170e-03 1.584999999920455715e-05
3.045979999996006882e-04 5.569061999999007362e-03 1.619800000042914730e-05
2.591670000001044974e-04 6.036453999998627959e-03 1.545600000127933391e-05
2.560060000013209122e-04 5.513881999999342004e-03 1.503500000126223245e-05
4.087640000017245235e-04 4.950550000000646794e-03 1.518300000014960481e-05
2.637990000013701059e-04 4.795859000000177348e-03 1.533599999902435378e-05
2.549989999985768788e-04 5.630208999999126301e-03 1.598100000109070566e-05
2.754490000000942018e-04 5.104479000000878945e-03 1.506300000130522656e-05
3.527059999993298486e-04 5.912625999997942437e-03 1.859499999966374216e-05
2.874860000005696856e-04 5.803931000000659216e-03 1.720100000000002047e-05
5.982510000001184510e-04 6.671401000001821874e-03 1.585699999907319430e-05
2.739299999998934514e-04 4.901291999998989325e-03 1.603600000066762827e-05
2.649789999998119843e-04 4.933178000000282629e-03 1.549600000089412666e-05
2.605119999981298212e-04 6.731881999998278951e-03 2.337800000077550148e-05
4.616159999989122536e-04 6.749358000000995304e-03 1.604699999688818799e-05
2.750649999990173434e-04 5.164701999999010522e-03 1.625600000068061626e-05
2.717120000011164199e-04 4.774194999999110262e-03 1.549000000238720558e-05
2.608580000000415675e-04 4.875679999999818146e-03 1.548700000029157173e-05
4.274280000029762310e-04 5.432426999997516832e-03 1.505199999911610508e-05
2.683579999987273173e-04 5.161569999999926148e-03 2.329499999973449895e-05
3.365950000011253191e-04 5.750118999998789747e-03 1.716899999905763293e-05
2.842640000011442680e-04 7.010853000004999523e-03 1.747400000112975127e-05
3.978410000013354810e-04 6.564010000000734986e-03 2.127299999983734032e-05
4.534380000012561206e-04 6.908043000002521417e-03 2.307799999812232272e-05
3.928590000015219630e-04 5.549223000001574958e-03 1.525200000173754308e-05
3.280479999989438251e-04 5.720157000004064476e-03 1.639999999611063699e-05
2.842759999992949707e-04 5.993839999998726992e-03 1.617900000155714346e-05
2.968989999988025440e-04 5.716083999999455045e-03 1.700099999823123802e-05
3.826469999989967445e-04 6.475048999997738870e-03 1.600300000006882220e-05
2.692399999926920070e-04 5.735420000000886198e-03 1.591900000164514590e-05
2.702420000002803396e-04 5.423458000000209826e-03 1.538300000049730483e-05
2.667950000034124817e-04 5.005432999998333903e-03 1.566599999819118360e-05
2.707420000012916955e-04 4.802412000004778990e-03 1.574200000334258112e-05
2.697879999999486353e-04 5.173775000001228433e-03 1.579700000320372055e-05
2.691789999965976438e-04 5.053046999996695099e-03 1.600900000141791828e-05
2.801659999977346009e-04 5.270133999999302744e-03 1.595099999860849453e-05
2.678889999975808700e-04 4.954825000000937125e-03 1.577500000507825448e-05
2.689030000021830108e-04 4.964449000001991581e-03 1.584399999842389810e-05
2.733889999984740068e-04 5.848571999999876633e-03 1.577799999779472300e-05
2.672860000012633550e-04 4.861036000000353886e-03 1.576500000339820030e-05
2.730170000000953202e-04 5.009938000001170309e-03 1.553100000194263029e-05
2.738099999999121618e-04 5.166544000002773300e-03 1.580000000217296596e-05
2.821130000006633293e-04 5.177561999997237589e-03 1.593799999852762859e-05
2.720770000007632959e-04 5.180857000000855736e-03 1.622600000018792289e-05
2.764209999980948959e-04 5.325315999996860228e-03 1.534799999831193391e-05
2.780280000030188408e-04 5.168091999998978246e-03 1.593199999945227386e-05
3.757140000004710600e-04 5.023645999997938816e-03 1.616499999670395618e-05
3.233939999995527810e-04 5.261626000006458526e-03 1.588699999899745402e-05
3.791979999954264800e-04 6.631605000001741280e-03 2.224100000091766465e-05
4.467199999982085241e-04 6.517222999999603555e-03 2.240899999719658700e-05
4.107309999966446195e-04 6.412063999999872803e-03 2.466900000229088578e-05
3.905119999961925844e-04 6.738416999997980800e-03 1.698199999339067412e-05
3.566039999992654018e-04 6.550724000003924768e-03 2.151799999978720802e-05
4.049150000020063111e-04 6.826749000002223927e-03 1.736499999822171931e-05
2.800860000013472039e-04 4.987309999996795973e-03 1.591000000360054238e-05
2.782569999999395718e-04 5.064153999996961163e-03 2.018200000350134373e-05
2.768989999998439219e-04 5.842169999998532252e-03 1.882499999851461271e-05
3.000390000028119240e-04 6.330058999997731708e-03 1.661200000000917458e-05
4.082699999986516516e-04 6.672359999998889353e-03 1.669999999933224940e-05
2.926429999996571583e-04 7.679923999998550070e-03 2.130800000202270786e-05
3.913959999994176390e-04 7.612188999996192390e-03 2.386200000501048743e-05
6.293820000007599707e-04 6.611914999998021007e-03 1.682800000253337270e-05
2.905199999997876083e-04 5.289341999999237418e-03 1.652699999908691152e-05
2.964100000014013750e-04 5.509442999994575672e-03 1.671200000203043479e-05
2.944660000002841246e-04 5.372036000004527800e-03 1.668000000051961360e-05
2.915659999996478443e-04 5.572856000001707132e-03 1.676099999883717720e-05
2.910599999944451935e-04 5.381404999997130463e-03 1.695400000357949412e-05
2.976660000035735634e-04 5.753920000000789341e-03 1.717900000187455440e-05
3.005190000004631851e-04 5.743922999999426411e-03 1.683099999866044649e-05
2.922049999983755654e-04 5.342160000004128086e-03 1.652399999898079882e-05
3.861790000013343312e-04 5.465231000000585551e-03 1.598700000272401518e-05
2.837369999986094540e-04 5.275181999998608540e-03 1.680100000100992474e-05
2.818089999982476023e-04 5.266646999995145545e-03 1.545800000087638101e-05
2.831630000014229197e-04 5.373670000005290569e-03 1.650399999959972937e-05
2.888420000004998547e-04 5.293487999996955400e-03 1.600800000005619882e-05
2.825989999996636492e-04 5.292189999996707930e-03 1.618900000096345967e-05
2.923389999989467729e-04 5.619469999998614497e-03 1.597299999616552695e-05
2.866200000033813726e-04 5.439116000002855271e-03 1.595700000052602426e-05
3.378339999966328659e-04 6.109079000003703533e-03 1.619900000036977926e-05
2.864559999989069444e-04 5.344428999998740090e-03 1.615799999683531564e-05
2.864600000020800334e-04 5.395812000001001633e-03 1.631999999744948514e-05
2.887110000017401252e-04 5.597491999999988643e-03 2.026099999852704154e-05
3.907320000001846113e-04 5.587102000000641021e-03 1.721500000314790682e-05
3.009789999993017664e-04 5.579728999998678426e-03 1.659799999799815891e-05
2.974879999982249393e-04 5.439085000000431699e-03 1.678699999729360475e-05
3.064909999977771587e-04 5.821310000000039578e-03 2.234999999927822406e-05
4.787740000017493133e-04 7.241136000000664846e-03 2.138099999626774661e-05
3.883469999971111844e-04 5.569443000001683859e-03 1.613599999529924430e-05
4.698269999994409037e-04 6.317651999999611412e-03 1.652699999681317354e-05
3.033309999989342292e-04 5.598129999999059553e-03 1.642000000401822130e-05
3.044299999976374260e-04 5.727895999996803454e-03 1.599800000064988261e-05
2.899730000001454560e-04 5.596937000003663482e-03 1.564400000063415118e-05
2.894520000006650423e-04 5.420813000000634929e-03 1.749799999799961397e-05
2.938599999987445569e-04 6.882536000001664329e-03 1.616299999795955955e-05
2.965050000011615274e-04 5.706903999999894672e-03 1.597100000140016924e-05
2.986589999977695806e-04 5.525161000003890772e-03 1.629100000286598380e-05
2.960050000024239060e-04 5.683131999993520402e-03 1.586099999940415579e-05
2.948469999950020901e-04 5.516549000002441555e-03 1.607499999693118379e-05
4.168139999995901148e-04 6.527644000001373882e-03 2.356300000087685313e-05
3.244640000002618914e-04 5.513152999999420406e-03 1.591500000074575077e-05
2.989160000026913513e-04 5.712457999997013793e-03 1.587800000152128754e-05
2.952510000022812251e-04 5.722719000002598859e-03 1.699099999996178572e-05
3.126160000016397914e-04 6.000108999996882700e-03 1.642800000354327359e-05
3.040289999961487367e-04 5.380775000002131075e-03 1.640999999722225753e-05
2.938189999986206918e-04 5.571240999998394727e-03 1.627399999449607854e-05
2.927249999981995469e-04 5.499697000001901696e-03 1.604399999621364164e-05
2.944000000019286875e-04 5.549543000000199157e-03 1.623100000074373316e-05
3.320260000032249277e-04 5.847733000001653983e-03 1.624900000138040937e-05
4.153380000008155505e-04 5.810840000004873114e-03 1.660199999548694878e-05
3.018470000029083167e-04 5.734521999999628479e-03 1.592900000048302846e-05
2.993240000012065095e-04 5.727727999995977683e-03 1.693400000135625305e-05
2.961019999986547408e-04 5.499634999999329643e-03 1.606599999888658366e-05
2.955700000006800023e-04 5.476626000004785298e-03 1.668500000334915845e-05
2.950129999987893825e-04 5.564741000001731906e-03 1.692100000013851982e-05
3.108779999973876156e-04 5.504199999999173296e-03 2.228400000092278693e-05
3.173079999976380437e-04 5.744257999996876113e-03 2.250700000161032127e-05
3.691260000027796260e-04 6.343443000000092633e-03 1.618399999870234846e-05
3.035709999943492308e-04 5.784510000002569645e-03 1.627900000073623205e-05
4.356019999994487318e-04 6.162185000001159374e-03 1.740100000176880631e-05
3.187889999975368417e-04 6.196593999994774726e-03 1.635699999951611999e-05
3.162620000011884367e-04 5.967940999996698866e-03 2.278600000181541017e-05
4.721300000028349933e-04 7.215731000000005606e-03 2.208099999961632542e-05
4.312439999984008085e-04 6.971945999998183444e-03 1.581399999906807203e-05
3.843570000009321900e-04 7.060784999999895895e-03 1.716099999498510469e-05
5.051980000013145920e-04 7.295845000001009197e-03 1.782599999899048420e-05
4.672809999993887816e-04 6.751265999995439103e-03 2.183799999841085096e-05
5.206299999974817313e-04 7.075203999999075261e-03 2.225100000202928519e-05
4.150159999960578803e-04 7.425060000001053664e-03 2.234800000167069811e-05
4.627799999991566372e-04 6.155077000004212026e-03 1.722499999914362114e-05
3.191609999976208157e-04 6.036900000000855644e-03 1.731400000096527933e-05
3.219980000017130827e-04 6.048869000000536150e-03 1.723900000058620316e-05
3.204529999987926355e-04 5.958986000002255458e-03 1.648899999679542789e-05
3.123570000013842327e-04 6.130427000002214299e-03 1.606200000082935676e-05
4.292019999968488221e-04 6.788470000004167247e-03 1.728999999670577246e-05
3.202819999995654187e-04 5.930346000001236392e-03 1.679699999272088543e-05
3.166119999997363461e-04 6.050669999997921981e-03 1.684800000361974648e-05
3.553319999980431021e-04 5.724259999998366870e-03 1.654199999450156543e-05
3.141229999999950407e-04 6.130006999999864509e-03 1.632500000141590067e-05
3.623419999962607303e-04 6.498806000000740928e-03 1.711900000145760809e-05
3.320980000046347652e-04 6.304867000001195682e-03 2.197499999965657439e-05
3.224409999995714402e-04 5.712692999996420856e-03 1.798799999789934937e-05
3.228770000043823508e-04 6.002380999998990600e-03 1.712600000303154957e-05
3.090220000018462304e-04 5.786722000000282112e-03 1.658399999882931148e-05
3.121270000031017822e-04 5.900495999998156722e-03 1.661099999466841959e-05
3.096739999989495335e-04 5.831305999998903297e-03 1.670800000113103966e-05
3.143170000015515944e-04 5.987382000001275316e-03 2.204699999879267057e-05
4.246489999962932546e-04 6.328604000000836831e-03 1.724600000102327735e-05
3.311189999982389292e-04 6.136316000000192721e-03 1.718499999924461157e-05
4.478970000013760130e-04 7.525082000000225292e-03 2.210700000546239716e-05
4.986889999992172827e-04 7.403750999997669481e-03 2.438400000357887580e-05
3.828000000032716148e-04 7.538821000001689858e-03 1.819499999498930319e-05
5.220789999998486997e-04 7.117473999999219744e-03 2.344999999479568806e-05
4.846229999998285859e-04 7.843427999998198868e-03 2.275800000290928505e-05
4.288729999979068648e-04 7.570360999995955770e-03 2.139200000101482119e-05
3.934880000019802385e-04 7.581852000001276792e-03 2.229699999986678558e-05
5.334570000024996131e-04 7.849396000002001675e-03 1.581900000132918662e-05
5.539300000020830816e-04 7.365489000000593513e-03 1.616300000137016482e-05
3.197699999992664657e-04 5.871082000002730145e-03 1.683199999774842459e-05
3.795680000007451132e-04 6.631187000004388175e-03 1.673999999809439168e-05
3.346080000011397867e-04 6.267586999999821135e-03 1.703699999950458705e-05
3.349799999944025569e-04 6.425759999998490769e-03 1.708599999801663379e-05
3.318559999991066195e-04 6.141802999998162427e-03 1.774999999952342315e-05
3.365759999985584966e-04 6.372476000003075847e-03 1.711800000066432566e-05
3.366949999974622361e-04 6.345164000000522511e-03 1.818200000400338576e-05
3.439550000001645371e-04 6.390048000001229654e-03 1.696400000241738006e-05
3.313869999993812360e-04 6.093334000000254734e-03 1.730599999575588381e-05
3.337629999953151041e-04 7.259764000002064468e-03 1.796700000170403641e-05
4.077940000001945117e-04 6.260434999996391733e-03 1.649700000086795612e-05
4.414660000020376000e-04 6.338522999997166750e-03 1.688100000251324822e-05
3.246190000004389969e-04 6.106700999998793469e-03 1.690899999630346374e-05
3.202569999984916649e-04 6.011831999998662468e-03 1.685399999757919499e-05
3.195409999995036071e-04 5.925794999997151778e-03 1.703100000327140056e-05
3.269949999980781524e-04 5.893945999999345743e-03 1.702400000340276002e-05
3.245000000003983630e-04 6.046938999996882141e-03 1.687299999559854836e-05
3.242040000037604754e-04 6.153322000000685348e-03 1.701399999774366693e-05
3.287120000004506415e-04 6.256459999997332141e-03 1.638599999409962133e-05
3.312980000015386438e-04 6.049971999997865238e-03 1.663299999734135822e-05
3.248519999971222422e-04 6.098117000003639571e-03 1.681200000291482771e-05
5.266869999979916991e-04 6.623171000001093489e-03 1.690800000005765387e-05
3.273839999980055100e-04 6.213650000000825110e-03 1.656599999989793960e-05
3.230599999983496413e-04 5.942629999996711793e-03 1.702000000136649760e-05
3.235089999986940062e-04 6.000536000001375526e-03 1.703000000418342246e-05
3.248409999974910772e-04 6.120448000001488080e-03 1.743599999826983400e-05
3.267340000030571987e-04 6.048686999999972752e-03 1.953100000150698328e-05
3.300020000028780444e-04 6.040385000000014423e-03 1.640500000348765779e-05
3.292720000007420562e-04 6.250698000001193334e-03 1.670599999954447480e-05
3.324950000023818640e-04 6.118306999997571299e-03 1.697299999477763695e-05
3.329849999943234945e-04 6.360044999996716970e-03 1.690199999700326024e-05
4.121220000035919167e-04 6.708173999998620803e-03 1.726899999709985423e-05
3.447999999991680159e-04 6.117277999997554339e-03 1.655499999969833758e-05
3.344850000007681913e-04 6.152649000003407483e-03 1.678199999787466517e-05
3.251489999991008712e-04 6.025919000001067963e-03 1.710700000103315728e-05
3.287129999966964446e-04 6.211276999999881462e-03 1.702200000067932787e-05
3.264060000009294375e-04 5.964972999999531775e-03 1.660699999717962634e-05
3.292520000024978777e-04 5.974768999997195386e-03 1.700299999924936923e-05
3.260250000033692902e-04 6.585876000000894306e-03 1.694400000076257264e-05
3.291220000033945260e-04 6.283372999998846492e-03 1.804400000423811448e-05
3.631739999997307547e-04 6.523004000000582649e-03 2.248599999973066506e-05
4.987320000014960853e-04 7.182771999999885970e-03 1.801900000259593044e-05
3.337819999995872682e-04 6.259400999998093046e-03 1.727699999833021084e-05
3.322859999980210021e-04 6.302473000000645593e-03 1.727799999798662598e-05
3.311819999981935173e-04 6.110572000000615706e-03 1.679299999864270084e-05
3.386809999994966239e-04 6.347091999995200379e-03 1.679399999886754962e-05
3.331490000010717115e-04 6.266408999995292523e-03 1.668500000107542386e-05
3.372639999997772932e-04 6.150127999998176304e-03 1.689600000020164010e-05
3.408440000009705013e-04 6.384143999999878152e-03 1.710000000514355566e-05
3.419400000018413504e-04 6.565708999995081493e-03 1.684399999874130904e-05
3.352150000017672851e-04 6.331117999998241153e-03 1.715500000557312874e-05
3.658899999970799269e-04 6.264815999999768723e-03 1.685900000325091147e-05
3.361910000012357808e-04 6.288460000001236914e-03 1.660400000389472417e-05
3.364160000029414667e-04 6.315285000000016823e-03 1.939799999775004971e-05
3.379979999971283264e-04 6.329362999995282596e-03 1.727199999550066260e-05
3.377329999983658365e-04 6.491616999998086474e-03 2.135700000394535986e-05
4.989929999976538792e-04 7.065582000002450236e-03 2.140699999870321308e-05
4.237000000040325263e-04 6.790267999999172882e-03 1.766600000507878576e-05
3.575610000007145442e-04 6.512490999998022008e-03 1.805700000261367609e-05
3.617200000002185204e-04 6.440358000001538026e-03 2.437400000019351729e-05
3.653740000015659288e-04 6.258647000003066119e-03 1.748700000348435519e-05
3.449009999980034926e-04 6.805463999999688401e-03 1.810000000318723201e-05
3.585019999979977131e-04 6.697058000000311040e-03 1.776899999811121355e-05
3.557989999995925159e-04 6.251522000000591349e-03 1.726500000074793166e-05
3.425720000018373152e-04 6.454905000001644882e-03 1.745699999730732197e-05
3.414990000010220683e-04 6.518054000001143738e-03 1.871799999491941102e-05
4.271530000005441014e-04 8.847625999998172397e-03 1.857599999937065082e-05
3.807229999995343016e-04 7.470587999999906553e-03 2.256899999963479691e-05
4.422449999987065655e-04 7.893404999997528926e-03 1.786600000116322836e-05
4.126889999997729059e-04 7.676374000001259974e-03 1.834900000460493188e-05
4.855829999985416829e-04 6.452823999998144947e-03 1.860900000451692945e-05
5.199170000014419375e-04 8.655523000001608125e-03 1.799599999799283870e-05
4.636990000022933383e-04 7.971060999999508845e-03 2.376500000082160195e-05
4.299809999957915222e-04 7.284032999999681332e-03 1.679099999876143692e-05
3.956540000007180164e-04 7.428394000001503628e-03 1.835399999890796526e-05
4.318860000000767935e-04 8.515328999999951728e-03 1.747999999906824209e-05
4.367920000026970359e-04 6.913938999999800529e-03 1.758300000517465391e-05
3.907379999992599356e-04 7.407010999997396851e-03 1.895000000217805696e-05
3.636560000001054548e-04 6.820352999998249149e-03 1.963199999977405336e-05
3.681439999996882827e-04 7.317495000000917918e-03 2.264799999920796727e-05
6.096420000000079978e-04 7.043241999999168106e-03 1.715600000181893861e-05
3.572239999977000350e-04 6.923907999997140628e-03 1.768099999992500603e-05
3.572509999980866529e-04 6.470188999999209288e-03 1.719499999865092778e-05
3.450240000040593973e-04 7.543745000006083813e-03 1.780799999494320272e-05
5.007350000016685693e-04 6.549120999998194782e-03 1.754599999969741380e-05
3.558680000008962712e-04 6.860608000000070067e-03 1.870100000360252872e-05
3.498629999984359377e-04 6.937194999998723410e-03 1.982000000339212298e-05
4.763539999987642399e-04 6.722200000002658687e-03 1.819700000282864494e-05
3.662810000008676179e-04 7.554794999998648217e-03 1.990799999703085795e-05
4.623409999959449319e-04 6.948000999998384629e-03 1.782299999945280514e-05
3.647140000009585752e-04 6.671285999997281051e-03 1.733800000238261459e-05
4.669950000010203396e-04 7.383435999998937647e-03 1.811199999735890593e-05
3.647400000028256013e-04 6.719242999998868704e-03 1.722700000129861965e-05
3.517289999996364735e-04 6.683156999999368894e-03 1.742300000159957671e-05
3.477299999974548146e-04 8.028491000000598926e-03 2.308000000311949285e-05
5.732880000027762392e-04 7.693845999999098656e-03 1.856500000030791947e-05
3.505460000042148641e-04 7.003857999994807064e-03 1.776499999778025207e-05
3.675789999988410273e-04 6.739769999997520175e-03 1.786599999945792742e-05
3.539619999992283023e-04 6.806716999999479906e-03 1.694399999678353034e-05
5.161120000002483851e-04 8.551446000003010486e-03 2.319799999497717982e-05
5.429470000001401916e-04 8.101731000001563890e-03 1.799100000084763370e-05
3.989480000024059423e-04 7.646283999999923392e-03 1.804200000094624529e-05
3.748580000018364704e-04 7.261461999999596455e-03 1.895299999944199804e-05
3.765160000011747040e-04 7.232446999996682696e-03 2.551999999866438789e-05
4.149039999970227915e-04 6.685920000000464616e-03 1.757899999745404825e-05
3.518870000004881084e-04 6.578170999998178385e-03 1.707399999531844501e-05
3.513650000019197099e-04 6.553939999997737340e-03 1.802400000087800273e-05
3.685539999986531452e-04 6.744979999998576906e-03 1.793800000370992980e-05
3.749059999989867503e-04 6.927510999998958210e-03 1.717500000097515927e-05
3.512809999983801477e-04 6.449984000003610579e-03 1.731900000208952325e-05
3.596230000005107091e-04 6.914767999999185503e-03 1.729199999942920799e-05
3.663600000015776589e-04 9.530042999996908917e-03 2.697300000079394508e-05
5.888450000026069142e-04 8.950408000001743372e-03 2.422500000022864737e-05
5.927959999991117479e-04 8.298768999999310558e-03 2.794099999846366754e-05
4.549889999998413172e-04 8.522426000002952112e-03 1.876400000355715747e-05
3.880499999996800246e-04 8.263829999997938935e-03 1.901900000120804044e-05
3.637070000002040528e-04 7.091131999999333857e-03 1.893000000222855387e-05
3.589380000011033363e-04 8.824278999998682455e-03 2.331499999854713814e-05
6.058940000042412326e-04 7.715326000002278341e-03 1.727200000289031017e-05
3.568639999991773926e-04 6.543554999998377544e-03 1.757000000282005339e-05
3.592829999973901176e-04 6.743103999997970138e-03 1.722800000209190208e-05
4.109319999997751655e-04 7.187257000002773670e-03 1.686899999754132146e-05
3.819249999997964681e-04 8.031445999999959479e-03 2.123799999765196939e-05
4.088399999966441187e-04 7.343062000002191850e-03 1.797100000032969696e-05
3.778129999994916813e-04 6.814686999998115918e-03 3.189299999803552163e-05
5.484780000011824606e-04 7.815443000001778134e-03 1.772899999878063763e-05
3.804129999974748032e-04 7.026897000000645148e-03 1.753999999948518840e-05
4.535180000004856993e-04 6.793921999994836577e-03 1.756600000419439284e-05
3.612439999989191988e-04 6.721810999998183156e-03 1.762499999813371687e-05
3.669270000006008298e-04 7.238928000001009985e-03 1.818700000228545805e-05
3.793160000003581510e-04 7.029176999998867394e-03 1.835700000299311688e-05
3.942360000024791480e-04 9.014540000003422315e-03 1.736800000060156998e-05
5.604309999984025516e-04 8.678446000000122548e-03 2.093299999899045293e-05
5.724709999947208720e-04 6.858169999998153625e-03 1.766799999472823388e-05
3.661130000000411958e-04 6.743887999994626660e-03 1.966200000140361063e-05
3.714609999991580220e-04 6.933923999999365255e-03 1.756900000202676757e-05
3.623569999990649843e-04 6.684093000002917263e-03 1.757999999824733068e-05
3.693869999983689727e-04 6.970635000000697558e-03 1.751199999489472343e-05
3.862719999972341503e-04 7.020870999994599515e-03 1.924399999438719452e-05
3.801750000002357172e-04 7.101156000001083296e-03 1.886700000170549147e-05
3.748349999989386322e-04 8.051705999998262295e-03 1.759800000002087418e-05
6.427959999984977869e-04 7.730993999999782006e-03 1.703400000110377868e-05
4.188169999935098422e-04 7.140588999997703364e-03 1.931800000306793677e-05
3.654600000038499079e-04 6.771912000005499664e-03 1.710599999739770323e-05
3.675179999999045365e-04 6.849312999999028657e-03 1.774099999863665140e-05
3.701480000012224861e-04 7.042917999997371468e-03 1.725200000294080369e-05
3.739640000026156507e-04 7.240429999999378058e-03 1.909600000146838392e-05
3.798999999969510251e-04 6.964841999997588469e-03 1.771499999961179020e-05
3.750459999980648891e-04 7.090807000001291688e-03 1.762999999755265985e-05
3.652130000023134991e-04 6.665681000002337230e-03 1.772099999868714831e-05
3.720070000031228184e-04 7.022722999997768091e-03 1.750200000060431343e-05
5.972319999989394914e-04 8.107234999999378064e-03 2.028900000425437719e-05
3.903899999977511557e-04 7.237495000000535202e-03 1.851400000020930788e-05
3.953509999990956160e-04 7.690306999999165991e-03 1.841600000318521779e-05
3.891699999996944609e-04 7.071908999997163214e-03 1.809200000082000811e-05
3.804200000001856357e-04 7.355577999999809817e-03 2.002900000206864165e-05
5.708969999989222006e-04 9.845728999995912237e-03 3.027499999745941682e-05
5.473670000043284528e-04 9.605068999999844676e-03 2.317399999924418780e-05
5.170259999988502777e-04 9.675700999997616583e-03 1.719900000239249453e-05
3.830889999971987241e-04 7.826007000002164343e-03 2.066600000034668551e-05
5.226189999967801279e-04 7.045394000001010439e-03 1.745999999855030196e-05
