5.800000000277805157e-07 1.607000000012348415e-05 9.200000000930685717e-07
2.840000000059461627e-06 8.330000000009719061e-05 2.061999999973806940e-05
6.780000000095043333e-06 8.388000000003614787e-05 4.482000000010089296e-05
2.220000000097144435e-06 5.366000000002202070e-05 1.465000000013816328e-05
2.440000000003550271e-06 7.375000000013898487e-05 1.432000000010091901e-05
2.999999999797609177e-06 8.506999999999820803e-05 1.704000000026795327e-05
2.610000000125012320e-06 9.650999999992748983e-05 2.745999999973491732e-05
5.959999999838317192e-06 1.312600000000330278e-04 1.663000000009518111e-05
4.299999999890502692e-06 9.918999999989353542e-05 1.434000000006818777e-05
4.760000000203490514e-06 1.372299999998993715e-04 2.575000000026861358e-05
7.830000000108584113e-06 8.865999999994045853e-05 1.535000000005837115e-05
6.469999999936248799e-06 1.676700000001751789e-04 3.342000000001732203e-05
1.420000000003085529e-05 1.586300000000484545e-04 1.787999999987022260e-05
7.039999999935986691e-06 1.265900000000819039e-04 1.276999999992867106e-05
6.730000000043645853e-06 1.339699999999943822e-04 1.200999999984020405e-05
6.790000000034268623e-06 1.498899999998748456e-04 1.411999999998414557e-05
8.540000000234471822e-06 1.777699999998993865e-04 1.409999999992805863e-05
8.010000000080452426e-06 1.295799999999403039e-04 1.432999999995132612e-05
9.709999999873985421e-06 2.033300000002569218e-04 1.420999999988126239e-05
8.779999999841691877e-06 1.400899999999261070e-04 1.408000000004960805e-05
9.269999999972355570e-06 1.869600000000914920e-04 1.667999999979130756e-05
1.074000000000907562e-05 2.533399999999019986e-04 1.674999999998760678e-05
1.205000000021883079e-05 2.262899999999845536e-04 1.597999999987109799e-05
1.175999999993848599e-05 1.464999999999605452e-04 1.046000000020086350e-05
8.830000000070725719e-06 1.697899999998142616e-04 1.044000000005596007e-05
8.669999999888489806e-06 1.552300000000173094e-04 1.039000000000456259e-05
9.420000000126549705e-06 1.788400000001466540e-04 1.045000000008400354e-05
1.011000000001871580e-05 1.874500000000445363e-04 1.197999999993371000e-05
9.909999999901942369e-06 2.026199999999533875e-04 1.674999999998760678e-05
2.210999999991969457e-05 2.517199999999775390e-04 1.545999999992275843e-05
2.236999999976063623e-05 2.435299999999251844e-04 1.187000000024696078e-05
1.207000000000846319e-05 3.303700000000908796e-04 1.569000000003484410e-05
1.555999999993673690e-05 2.659000000002187500e-04 1.503999999998839565e-05
1.663999999994558653e-05 3.168899999998586845e-04 1.503999999989957746e-05
1.682000000018390938e-05 3.162700000000740028e-04 1.492999999985755721e-05
1.671999999990347806e-05 2.901399999999831783e-04 1.490999999997910663e-05
1.863000000019710069e-05 3.570299999999804186e-04 1.481999999990435345e-05
1.761000000000123578e-05 3.039799999998926911e-04 1.487000000004456911e-05
1.773999999983289012e-05 3.065399999999662839e-04 1.307000000014824115e-05
1.674000000004838149e-05 3.031099999999398165e-04 1.300000000021839309e-05
1.735000000007147424e-05 2.958699999997982280e-04 1.147000000010223209e-05
1.840999999993542382e-05 3.696899999997782732e-04 1.126999999989664047e-05
1.574000000008623988e-05 3.251900000000418453e-04 1.134000000018175956e-05
1.597000000010950906e-05 2.803399999999456435e-04 1.216000000017203286e-05
1.850000000001017362e-05 3.833300000000150476e-04 1.188999999985895851e-05
1.800000000011792099e-05 2.956299999997469069e-04 1.172999999985435727e-05
1.750000000004803201e-05 3.065199999999101868e-04 1.138000000020511527e-05
1.793000000001043827e-05 3.385799999999328344e-04 1.234999999972785713e-05
1.847999999995409006e-05 3.237900000000237593e-04 1.163000000019564982e-05
1.847000000001486477e-05 3.446200000002619607e-04 1.149999999983108978e-05
1.864999999998673139e-05 3.457700000002006499e-04 1.142000000005083461e-05
1.969000000006104688e-05 4.236599999999590910e-04 1.395999999997954433e-05
1.831000000001026183e-05 3.188400000001756713e-04 1.170000000012549958e-05
1.860000000002415209e-05 3.069600000000782813e-04 1.120999999999483588e-05
1.994000000014039962e-05 3.720900000000248791e-04 1.144999999986851048e-05
2.002000000000947466e-05 3.549599999999486391e-04 1.160999999987311003e-05
2.047000000002796447e-05 3.714199999998335391e-04 1.153000000018167304e-05
2.134999999983122756e-05 3.945100000000145712e-04 1.117000000006029836e-05
2.122999999993879851e-05 4.057999999997896623e-04 1.144999999995732697e-05
2.221000000002248953e-05 4.421299999999739219e-04 1.165999999983569103e-05
2.258000000008308781e-05 4.342700000000476518e-04 1.156999999984975602e-05
2.323999999989112688e-05 4.917599999999744615e-04 1.211000000003181720e-05
2.295999999999409489e-05 4.146599999997668600e-04 1.162999999984037879e-05
2.490000000010539338e-05 5.267400000000144623e-04 1.185999999977482810e-05
2.464000000017563184e-05 4.664700000001076319e-04 1.157000000011620887e-05
2.393999999998896943e-05 4.464099999999859630e-04 1.246000000003633023e-05
2.600000000008151346e-05 5.056299999999680928e-04 1.224000000004110621e-05
2.626000000018891136e-05 4.822400000001891840e-04 1.192000000003190541e-05
2.646999999997845385e-05 5.944900000001140938e-04 2.255999999984936789e-05
3.172000000004615436e-05 9.432699999999627711e-04 1.984999999997682994e-05
9.236000000001354238e-05 9.320500000000286455e-04 2.686000000000632258e-05
4.520000000010071652e-05 7.732999999999990099e-04 1.379000000003571779e-05
3.028000000027120109e-05 5.412899999999610124e-04 1.191999999985426905e-05
2.567999999998349449e-05 5.091800000001534422e-04 1.243000000012983787e-05
2.979000000005172091e-05 5.550999999996975021e-04 1.094000000012584906e-05
2.637999999990370406e-05 5.250499999999824318e-04 1.101999999999492241e-05
2.630999999997385430e-05 5.097800000000596733e-04 1.147000000001341391e-05
2.662000000004383150e-05 4.721799999999554348e-04 1.544000000013312434e-05
2.700999999989406387e-05 4.878600000000510198e-04 1.090999999995290216e-05
2.753000000002003980e-05 5.734400000000583692e-04 1.091999999998094563e-05
2.999999999993008327e-05 5.889199999999483303e-04 1.113999999988735146e-05
2.953000000003313949e-05 6.421999999997041186e-04 1.208000000021414133e-05
3.099000000004181607e-05 6.598099999997941506e-04 1.097999999988275022e-05
2.772999999995917687e-05 5.015000000001101476e-04 1.091999999998094563e-05
3.036999999999068155e-05 6.216500000000735760e-04 1.116999999997148018e-05
3.123999999994353245e-05 6.213899999999661578e-04 1.141999999996201643e-05
3.176000000006951176e-05 5.945999999999784574e-04 1.119999999987797423e-05
3.064000000003730135e-05 5.784400000001354691e-04 1.082000000014460351e-05
2.879999999985116823e-05 5.021399999998621844e-04 1.113000000003694435e-05
3.093000000005119161e-05 5.821699999999374597e-04 1.104999999981259828e-05
3.180000000000404590e-05 5.972200000001314912e-04 1.113000000012576084e-05
3.355000000011542922e-05 9.617699999999729243e-04 1.548000000015647835e-05
4.295999999994748599e-05 9.887700000001053112e-04 1.897999999993515917e-05
5.185999999985923821e-05 9.688499999998434909e-04 1.768999999987031082e-05
5.016000000015452678e-05 8.928399999998503766e-04 1.788999999980944790e-05
5.381999999967135431e-05 8.602199999999448959e-04 1.356999999995167560e-05
4.135000000005106813e-05 7.117299999999104898e-04 1.117000000006029836e-05
3.908999999993057053e-05 6.808999999997844771e-04 1.203000000016274385e-05
3.822999999991694153e-05 7.612200000001401396e-04 1.148999999998068267e-05
3.450999999996540033e-05 6.360299999998986209e-04 1.181000000025633801e-05
3.716000000011377005e-05 9.226500000000470653e-04 1.770999999992639438e-05
5.915999999990262110e-05 1.047770000000092325e-03 1.911000000012208624e-05
5.510000000015224670e-05 1.212589999999913416e-03 1.966000000006573465e-05
5.787999999995463440e-05 1.082469999999968648e-03 1.642000000003918239e-05
4.666000000002057662e-05 8.411100000000004901e-04 1.222999999992424625e-05
3.867999999993543134e-05 9.599999999999831108e-04 1.740000000003405354e-05
5.461000000019922276e-05 1.201729999999923051e-03 2.536999999991351729e-05
9.486000000027416403e-05 1.134729999999883800e-03 1.743999999987977457e-05
5.149000000006509616e-05 9.479199999998577436e-04 1.913000000008935331e-05
5.994000000013599832e-05 1.157530000000051105e-03 1.824999999993082088e-05
6.107000000001860398e-05 1.003690000000023643e-03 1.340999999994707604e-05
4.671999999983356133e-05 1.071750000000015832e-03 1.569000000003484410e-05
5.201000000001343573e-05 9.916800000000058467e-04 1.512000000012392354e-05
5.103000000028501404e-05 8.631100000000557770e-04 1.305000000000333603e-05
4.186999999999940769e-05 7.360399999999600812e-04 1.204000000010196914e-05
4.277000000003638731e-05 8.120999999998268059e-04 1.204999999995237624e-05
4.406999999995164785e-05 8.388300000000903584e-04 1.189000000003659318e-05
4.290999999998490331e-05 7.833100000001813395e-04 1.199000000005057165e-05
4.409000000000773141e-05 8.161000000001195293e-04 1.208000000003650666e-05
4.461999999980647977e-05 9.538600000000840851e-04 1.194000000008799066e-05
4.341999999999401758e-05 1.085969999999836190e-03 1.804000000014127500e-05
5.700000000006255483e-05 1.022399999999734719e-03 1.464999999996052861e-05
4.878999999986532727e-05 8.527099999998455143e-04 1.281999999989125206e-05
5.381999999976017079e-05 1.264990000000043493e-03 1.331000000011073393e-05
5.051999999992062704e-05 1.131130000000002325e-03 1.718999999997805481e-05
9.927999999987946196e-05 1.084440000000164248e-03 1.287000000003146772e-05
4.828000000003385275e-05 8.532399999999995760e-04 1.232999999984940654e-05
5.038999999991133634e-05 1.007330000000195014e-03 1.282999999983047735e-05
4.778000000005278025e-05 8.636200000000648913e-04 1.239999999995688927e-05
5.113000000003253967e-05 1.023629999999808946e-03 1.224999999989151501e-05
4.980000000012197028e-05 8.837800000000229023e-04 1.213000000008790414e-05
5.684999999999718057e-05 1.275899999999996481e-03 1.874000000006148457e-05
7.150999999998575434e-05 1.259860000000045986e-03 1.919000000007997777e-05
7.580999999996506928e-05 1.285640000000220964e-03 1.397999999994681309e-05
5.584999999985740260e-05 9.064799999999983548e-04 1.166000000001332569e-05
4.730000000003897482e-05 8.633999999998920750e-04 1.243000000012983787e-05
5.243000000003661669e-05 9.821900000001270413e-04 1.250999999999891122e-05
5.194999999993399478e-05 9.501300000000157059e-04 1.252999999996617998e-05
5.435000000009182486e-05 1.070079999999951157e-03 1.307000000023705933e-05
8.478999999983471980e-05 1.163799999999870537e-03 4.856999999978128677e-05
5.831999999994508244e-05 1.623179999999990785e-03 2.010000000005618268e-05
7.699999999983830618e-05 1.638290000000086665e-03 1.650999999984747933e-05
6.661000000001138504e-05 1.306510000000038474e-03 1.630000000014675333e-05
1.037300000001017909e-04 1.078429999999919132e-03 1.175999999993848599e-05
5.629999999996470890e-05 9.913699999999359136e-04 1.166999999995255098e-05
5.128000000009791393e-05 9.679300000000167891e-04 1.141000000002279114e-05
5.095999999999989156e-05 1.084979999999991038e-03 1.307999999999864826e-05
5.797000000011820746e-05 1.154520000000047730e-03 1.237999999990080403e-05
5.334000000019045457e-05 1.181240000000194357e-03 1.349999999993300935e-05
5.951999999993517760e-05 1.188920000000059842e-03 1.315000000019495087e-05
5.562999999995099507e-05 1.120329999999913808e-03 1.185999999986364628e-05
5.557000000004919387e-05 1.898839999999957229e-03 2.627000000003931678e-05
1.009500000002105935e-04 1.756470000000032086e-03 2.290999999976506274e-05
1.152799999998954634e-04 2.429739999999824904e-03 3.699000000008112194e-05
1.034899999997840271e-04 1.716500000000120707e-03 2.006999999970560111e-05
1.158800000001569740e-04 1.690910000000211966e-03 2.653999999990830361e-05
7.093999999989719911e-05 1.320220000000027526e-03 1.402000000005898528e-05
6.749999999984268313e-05 1.456829999999964542e-03 1.410000000010569499e-05
5.734000000003902777e-05 1.280559999999919584e-03 1.477999999988099944e-05
7.131999999998583917e-05 1.449099999999869937e-03 1.525999999998362136e-05
5.797999999987979300e-05 1.302080000000049821e-03 1.626000000003457945e-05
1.012799999998925617e-04 1.488930000000010479e-03 1.681000000006704773e-05
7.008999999982278863e-05 1.468200000000052709e-03 1.829000000030944761e-05
8.439000000004526214e-05 1.646520000000073567e-03 1.729000000016966965e-05
8.425000000009675292e-05 1.659990000000011135e-03 1.876999999987916045e-05
7.432000000004990712e-05 1.628599999999913494e-03 1.570999999991329468e-05
6.904000000016453074e-05 1.510380000000033363e-03 1.616000000010942085e-05
7.691000000003001263e-05 1.441829999999999414e-03 1.603000000010013014e-05
7.166000000005112182e-05 1.604729999999854242e-03 1.643999999991763297e-05
7.348000000000354519e-05 1.378589999999935232e-03 1.988000000023859503e-05
7.975000000035593049e-05 1.451009999999897191e-03 2.516999999988556034e-05
8.358999999993343435e-05 1.563939999999952504e-03 1.923999999986492071e-05
8.506000000005898274e-05 1.654619999999873458e-03 2.008000000017773210e-05
8.347000000004100868e-05 1.467430000000113878e-03 1.805999999993090910e-05
7.756000000007645938e-05 1.932770000000072529e-03 2.014999999992994549e-05
8.812000000011366838e-05 1.674509999999695921e-03 1.454999999994655013e-05
6.858999999996840118e-05 1.428130000000216084e-03 1.525999999989480148e-05
7.480999999991411458e-05 1.507809999999842844e-03 1.535000000014719103e-05
7.396999999986775265e-05 1.411769999999901246e-03 1.707999999984721807e-05
7.839999999976754181e-05 1.543539999999943334e-03 1.399999999982526367e-05
7.264000000004600653e-05 1.543279999999747120e-03 1.272999999990531705e-05
6.994999999978545615e-05 1.893719999999987635e-03 1.977999999995816370e-05
9.007000000016418539e-05 1.973209999999969624e-03 1.830000000007103654e-05
8.396999999984444143e-05 1.485050000000143243e-03 1.691000000008102621e-05
8.651999999980120308e-05 1.628610000000119216e-03 1.807000000004777075e-05
8.687999999992256930e-05 1.669469999999861811e-03 1.735999999992188304e-05
8.892000000004784965e-05 1.475639999999955832e-03 1.463000000008207803e-05
7.210000000039684935e-05 1.390560000000107222e-03 1.340000000000785075e-05
7.169000000004644422e-05 1.374279999999927868e-03 1.275000000005022048e-05
7.302000000004582332e-05 1.535159999999979874e-03 1.732000000007616200e-05
9.216999999992481749e-05 1.730639999999983390e-03 1.633999999999247098e-05
9.158000000004662140e-05 1.857819999999943449e-03 1.501000000017071977e-05
7.225999999995735292e-05 1.511760000000084148e-03 1.535000000023600751e-05
6.776999999997812281e-05 1.604489999999980567e-03 1.673000000002033971e-05
7.587000000013333350e-05 1.715720000000153745e-03 1.807000000004777075e-05
1.309300000000845898e-04 1.563440000000060424e-03 3.896000000009891280e-05
1.203999999999538800e-04 1.480049999999710850e-03 1.400999999994212363e-05
1.147100000002509974e-04 1.477229999999973929e-03 1.429000000001678859e-05
1.002899999998696555e-04 1.526609999999983813e-03 1.319999999989107732e-05
9.269999999990119206e-05 1.374369999999913673e-03 1.333000000007800100e-05
8.414000000005472928e-05 1.453240000000111196e-03 1.376999999989081436e-05
8.441000000001253598e-05 1.858079999999962071e-03 1.846000000007563948e-05
9.989999999984177661e-05 1.720069999999918010e-03 1.359000000009658072e-05
7.877999999994500513e-05 1.398550000000042858e-03 1.381000000009180473e-05
7.802999999997339300e-05 1.265429999999856349e-03 1.256999999990071581e-05
8.217000000012574814e-05 1.493440000000134616e-03 1.309999999996591702e-05
7.706000000000657040e-05 1.933939999999889723e-03 1.564999999992267021e-05
8.474999999998899538e-05 1.491829999999882885e-03 1.308999999993787355e-05
7.958999999999605821e-05 1.572670000000009295e-03 1.392000000004500680e-05
7.506000000017110368e-05 1.426720000000170031e-03 1.314999999983967814e-05
7.805000000011829981e-05 1.431590000000060228e-03 1.298000000007348797e-05
8.056999999999092936e-05 1.797760000000270210e-03 1.450999999974555976e-05
7.405000000009210042e-05 1.319770000000097853e-03 1.276999999983985458e-05
7.546999999981096336e-05 1.392919999999975246e-03 1.320000000006871199e-05
8.517000000001218312e-05 2.449340000000077566e-03 2.467000000017094408e-05
1.099000000001737449e-04 1.775070000000589275e-03 1.835000000038888857e-05
1.631199999996724051e-04 1.599100000000142031e-03 1.354000000031163609e-05
8.568000000028775363e-05 1.580790000000220630e-03 1.479000000017549576e-05
8.814000000008092868e-05 1.645090000000060159e-03 1.294999999981172289e-05
8.349999999985868455e-05 1.443140000000120438e-03 1.311999999984436761e-05
8.493000000004968526e-05 1.466429999999974100e-03 1.318999999995185203e-05
8.477999999989549451e-05 1.891249999999899956e-03 1.832000000003830700e-05
1.113400000003039709e-04 1.908210000000209929e-03 1.353999999977872870e-05
9.307000000049469603e-05 1.651299999999800150e-03 1.640000000016073181e-05
7.982000000019695020e-05 1.469689999999701470e-03 1.223000000010188092e-05
8.266000000016760212e-05 1.496119999999656613e-03 1.391000000019459970e-05
8.212999999983594806e-05 1.466239999999885456e-03 1.240000000031216200e-05
8.305999999986823652e-05 1.507250000000226508e-03 1.399000000006367305e-05
8.195000000021934738e-05 1.442220000000205048e-03 1.237999999990080403e-05
8.263000000017229328e-05 1.469110000000206683e-03 1.249999999988204957e-05
8.504000000009170890e-05 1.574259999999938486e-03 1.245999999994751374e-05
8.607999999981075505e-05 1.852199999999726374e-03 1.429999999977837922e-05
8.606999999969389679e-05 1.569600000000015384e-03 1.254000000034949448e-05
8.587999999996043785e-05 2.007479999999972533e-03 1.831000000009908171e-05
1.752800000000220794e-04 2.660779999999718284e-03 3.323000000001741363e-05
1.656900000000405162e-04 4.207989999999916728e-03 2.767999999999659757e-05
1.126500000001584567e-04 1.976550000000010070e-03 2.105999999972851743e-05
1.791999999998239446e-04 2.388239999999974654e-03 1.420999999979244421e-05
8.650999999986197779e-05 2.138399999999940522e-03 1.853000000018312221e-05
2.231900000001729668e-04 2.976829999999886130e-03 2.294000000002682782e-05
2.321600000000145823e-04 2.520359999999932481e-03 1.806999999978131790e-05
8.993000000003802965e-05 2.115910000000375928e-03 1.409000000034410437e-05
8.710000000018424955e-05 1.617099999999993499e-03 1.596000000017028377e-05
9.053999999988348603e-05 1.718729999999979528e-03 1.356000000036772303e-05
9.079000000014047513e-05 1.704319999999981405e-03 1.718999999997805481e-05
8.957999999985588873e-05 1.838659999999947515e-03 1.430999999989523918e-05
8.695999999979165112e-05 1.651920000000295418e-03 1.283000000018574838e-05
1.032000000000365931e-04 1.613700000000228797e-03 2.287000000009697806e-05
9.201000000000903443e-05 1.662220000000047548e-03 1.424999999990461640e-05
9.500999999971782288e-05 1.764040000000122220e-03 1.359000000000776254e-05
8.892999999989825168e-05 1.549400000000211676e-03 1.281999999971361570e-05
9.284999999987774983e-05 1.830820000000166247e-03 1.602000000016090485e-05
9.461999999995640022e-05 1.664169999999920392e-03 1.400000000000289834e-05
9.154000000002326400e-05 2.148280000000113432e-03 1.932000000000044860e-05
9.683000000020314517e-05 1.609010000000665828e-03 1.518000000011454631e-05
9.341000000002707977e-05 1.731739999999959510e-03 1.727000000020240258e-05
1.265100000001240124e-04 2.136139999999642127e-03 1.835000000021125220e-05
1.153500000000917626e-04 1.988370000000116815e-03 1.473000000000723663e-05
1.157199999999747347e-04 1.918500000000023051e-03 1.469000000025033547e-05
1.017100000000326077e-04 1.746839999999849668e-03 1.790000000010394252e-05
1.118100000004673743e-04 1.724299999999700985e-03 1.704999999976308935e-05
1.049999999999329193e-04 2.675409999999800535e-03 1.994999999990199193e-05
1.414399999999815696e-04 1.976900000000014930e-03 1.391999999995619032e-05
9.395999999934900599e-05 1.616869999999792553e-03 1.678999999992214430e-05
9.983999999985115892e-05 1.853359999999959528e-03 1.774999999994975177e-05
1.031699999996860183e-04 1.940800000000031346e-03 1.455000000021300298e-05
1.179300000002214661e-04 1.856440000000247849e-03 1.382999999997025531e-05
9.903000000015538533e-05 1.735470000000027780e-03 1.300000000004075673e-05
1.035499999996858351e-04 1.968370000000163600e-03 1.443999999981571170e-05
9.881999999983293037e-05 1.721680000000524926e-03 1.405000000005429751e-05
9.784999999986609422e-05 1.744940000000028135e-03 1.451999999968478505e-05
2.118599999997527962e-04 2.471870000000109431e-03 1.544000000031076070e-05
1.172400000003293084e-04 2.053070000000012298e-03 2.164999999969552323e-05
2.371199999998907461e-04 2.412539999999729727e-03 1.911000000021090273e-05
1.302299999998979274e-04 1.941179999999853665e-03 1.595999999981501105e-05
1.103399999998089270e-04 2.000079999999826528e-03 1.535999999973114359e-05
1.098100000000101718e-04 2.101930000000251653e-03 1.581999999995531493e-05
1.063500000002548518e-04 1.850120000000288201e-03 1.393000000042832130e-05
1.170000000001891776e-04 2.015780000000155694e-03 1.524999999968912334e-05
1.106699999997573514e-04 2.152109999999751548e-03 1.587999999994593601e-05
1.089399999999685011e-04 2.013289999999834379e-03 1.526999999992284665e-05
1.215799999997102586e-04 2.462079999999922109e-03 2.057999999998116823e-05
1.415799999998412827e-04 2.126820000000151541e-03 1.453000000015691773e-05
1.088600000002770658e-04 1.973699999999922912e-03 1.475999999982491250e-05
1.085099999997396453e-04 2.018420000000098382e-03 1.448000000010552025e-05
1.066499999996750549e-04 1.982149999999194452e-03 1.479999999993708638e-05
1.049000000001854005e-04 1.808599999999849130e-03 1.463000000043734906e-05
1.083899999994031305e-04 2.050520000000055632e-03 1.339999999956376154e-05
1.182300000001745816e-04 1.979929999999718946e-03 1.474000000012409828e-05
1.063399999999603605e-04 1.858920000000097161e-03 1.448000000010552025e-05
1.099500000002251508e-04 1.953020000000194045e-03 1.504000000043248486e-05
2.194799999998053917e-04 2.437850000000096797e-03 1.461000000002599108e-05
1.062499999997967875e-04 2.103769999999905056e-03 4.393000000018077160e-05
1.434799999998404073e-04 2.678319999999523478e-03 2.025000000021037682e-05
2.979799999998533513e-04 3.435830000000095370e-03 2.279999999998949534e-05
1.590699999999500792e-04 2.364989999999878110e-03 1.914000000020621496e-05
1.245799999997743266e-04 2.248999999999945487e-03 1.685999999985199406e-05
1.201300000001737062e-04 2.568940000000097170e-03 1.548000000006766186e-05
1.203899999998370217e-04 2.465499999999920446e-03 1.687000000032412504e-05
1.543299999996250503e-04 2.161370000000140210e-03 1.631000000053006783e-05
1.179099999998101166e-04 2.214719999999559263e-03 1.315000000001731451e-05
1.423399999998409163e-04 3.065929999999639308e-03 1.698999999995010125e-05
1.440800000001019043e-04 2.311389999999846449e-03 1.344000000038647579e-05
1.128200000000134651e-04 2.022649999999792669e-03 1.321000000036320831e-05
1.112099999998505977e-04 2.124230000000082354e-03 1.587999999994593601e-05
1.179500000000999167e-04 2.172430000000069757e-03 1.434000000006818777e-05
1.163699999997547252e-04 2.199370000000122703e-03 1.422000000008694053e-05
1.156099999993997986e-04 2.073869999999900047e-03 1.369999999987214812e-05
1.265199999995303523e-04 2.213509999999985385e-03 1.336000000016213141e-05
1.242899999999380557e-04 3.084100000000411339e-03 1.712999999998743373e-05
1.325600000004811872e-04 2.651740000000124553e-03 2.091000000028486874e-05
1.659999999999328571e-04 2.713939999999936872e-03 1.528000000003970491e-05
1.373700000002031738e-04 2.594390000000146388e-03 1.689999999996416455e-05
1.319200000002851425e-04 2.656799999999925801e-03 1.919999999966393034e-05
1.390899999995198863e-04 2.773799999999759618e-03 1.765000000002458979e-05
1.353399999999282954e-04 2.678769999999808336e-03 1.908000000003795413e-05
1.460299999997971554e-04 3.072530000000029023e-03 1.883000000013623776e-05
1.533600000000134801e-04 2.603400000000455437e-03 1.722999999991259233e-05
1.311499999999909906e-04 3.686380000000433199e-03 2.550000000027807733e-05
1.790600000001418780e-04 2.623029999999637596e-03 2.878999999946785373e-05
1.952400000000409364e-04 3.638760000000118393e-03 1.725999999973026820e-05
2.819100000001739767e-04 3.023830000000060636e-03 1.981999999998151771e-05
1.621799999997008913e-04 2.943619999999924630e-03 1.675000000034287950e-05
1.263900000001427770e-04 2.853430000000223461e-03 3.184999999987781210e-05
3.680500000001529553e-04 3.388510000000088864e-03 1.525000000022203073e-05
1.329699999997657810e-04 2.500089999999843826e-03 1.626000000012339932e-05
1.357499999999234211e-04 2.762399999999587494e-03 1.533999999985269301e-05
1.344000000003120476e-04 3.075350000000121129e-03 2.014999999992994549e-05
1.698099999998703316e-04 4.826340000000328874e-03 1.936000000011261910e-05
2.602800000001792677e-04 2.665200000000212018e-03 1.757999999956183433e-05
1.446299999999567430e-04 2.378979999999764235e-03 1.571999999949724725e-05
1.428500000002941197e-04 3.369769999999760839e-03 2.232000000006450978e-05
1.824399999996728639e-04 3.269980000000493985e-03 3.140999999988736407e-05
3.703000000001566150e-04 2.828080000000099490e-03 1.463000000043734906e-05
1.321900000004205822e-04 2.486869999999541565e-03 1.570999999973565832e-05
1.422999999999063957e-04 2.472880000000188434e-03 1.592000000041338261e-05
1.423899999998923358e-04 2.695690000000183599e-03 1.497000000014736577e-05
1.255300000003955975e-04 2.333350000000144944e-03 1.702999999988463877e-05
1.371399999998246353e-04 2.863989999999816405e-03 2.277000000034945583e-05
1.806400000003094365e-04 2.597620000000056082e-03 1.614999999990374271e-05
1.293400000001554526e-04 3.282529999999539514e-03 3.081999999974271851e-05
1.399799999999728930e-04 3.263260000000123198e-03 2.151999999977505240e-05
1.764499999998392463e-04 3.287100000000009372e-03 2.053999999969136138e-05
1.757099999998956827e-04 2.858869999999669002e-03 2.012000000011226962e-05
1.352900000002321690e-04 2.580370000000442587e-03 1.496000000003050411e-05
1.710499999999726074e-04 2.689259999999826702e-03 1.529999999991815549e-05
1.339299999997933918e-04 2.417810000000031496e-03 1.596999999993187270e-05
1.363599999999465240e-04 2.476460000000102555e-03 1.546999999941789451e-05
1.341999999999288315e-04 3.041939999999953952e-03 1.738999999947310606e-05
1.350899999998489529e-04 4.027219999999687508e-03 2.708000000009036648e-05
2.250400000001206990e-04 3.958290000000097737e-03 2.036000000060766979e-05
1.663300000004142075e-04 2.927829999999964627e-03 1.835000000003361584e-05
1.660099999996944629e-04 3.113010000000038420e-03 2.509999999986689410e-05
1.480599999997167407e-04 3.352399999999988896e-03 1.781000000011800921e-05
1.603199999998139338e-04 3.381750000000671545e-03 1.786999999993099731e-05
1.493699999995712401e-04 3.002799999999794349e-03 1.728000000031926084e-05
1.395500000002769633e-04 3.099539999999833921e-03 1.635000000010933263e-05
1.440399999999897372e-04 3.728969999999520637e-03 2.077000000042516923e-05
1.789800000000951632e-04 3.600759999999958525e-03 2.135999999985926934e-05
1.675399999998106290e-04 3.209269999999797649e-03 1.863999999986987313e-05
1.521599999996681054e-04 2.731840000000218711e-03 1.550999999970770137e-05
1.553899999999330925e-04 3.409209999999873557e-03 2.169999999992455877e-05
1.690500000004036105e-04 2.662709999999712893e-03 1.616999999995982626e-05
1.385699999996603429e-04 2.583079999999959853e-03 2.048000000005600964e-05
1.389900000001276334e-04 2.518400000000120629e-03 1.559000000010968211e-05
1.419199999999065653e-04 3.036999999999601216e-03 2.119000000053716668e-05
2.068400000002412807e-04 3.523029999999671615e-03 1.958000000001902663e-05
1.566500000002690848e-04 4.059240000000130522e-03 3.384000000004050299e-05
3.918499999999269898e-04 3.470470000000247437e-03 2.941000000031834680e-05
3.188199999998531315e-04 3.731860000000431117e-03 1.774000000018815946e-05
1.466100000000025824e-04 3.148219999999923857e-03 1.749000000010880672e-05
1.543800000002093552e-04 3.872559999999935967e-03 2.536000000024074484e-05
3.087199999999512773e-04 2.808190000000010313e-03 1.675000000052051586e-05
1.446700000000689101e-04 2.675230000000006301e-03 1.480999999969867531e-05
1.596400000000386345e-04 3.143249999999930822e-03 2.335999999978355255e-05
1.832500000002568294e-04 2.774579999999815701e-03 1.628000000017948288e-05
1.467700000002736314e-04 2.586619999999939697e-03 1.646000000032898924e-05
1.448299999999846932e-04 3.049700000000044042e-03 2.464999999958195144e-05
2.046500000002282659e-04 3.389100000000411055e-03 1.656000000007651487e-05
1.440900000000411296e-04 2.835490000000184720e-03 1.583000000042744592e-05
1.437600000000926917e-04 2.843999999999979791e-03 2.745999999991255368e-05
1.944700000001020504e-04 2.860169999999584520e-03 1.626999999988498825e-05
1.540900000001954649e-04 2.689369999999691174e-03 1.967000000018259630e-05
1.540200000004432414e-04 3.042029999999939973e-03 1.721000000003414175e-05
1.507000000000147219e-04 3.111279999999716495e-03 1.617999999954378222e-05
1.535799999997422614e-04 3.293029999999674915e-03 1.874999999991189338e-05
1.611999999996172105e-04 3.399339999999817681e-03 1.792999999992161839e-05
1.517000000001544999e-04 3.382210000000007884e-03 1.815000000000566228e-05
4.339300000001600427e-04 3.708490000000530442e-03 2.046000000017755905e-05
1.624900000001261446e-04 3.250980000000325363e-03 1.797999999997301757e-05
1.686600000001092889e-04 3.483790000000119760e-03 1.790000000010394252e-05
1.558799999997972864e-04 3.537929999999356312e-03 1.814999999965038956e-05
3.093999999997265496e-04 3.361099999999517425e-03 2.262999999977921426e-05
1.914900000000940795e-04 3.040099999999767988e-03 1.923000000019214827e-05
1.782000000007499915e-04 3.514910000000348676e-03 1.636999999981014685e-05
1.692099999999641005e-04 3.137949999999989185e-03 1.689000000020257562e-05
1.553000000001247718e-04 2.928739999999941009e-03 1.674999999998760678e-05
1.537799999999478581e-04 3.858810000000012421e-03 1.832999999979989593e-05
1.732700000001585641e-04 2.812729999999596942e-03 1.629999999934739140e-05
1.544200000003215223e-04 2.799540000000000535e-03 1.589000000041807038e-05
1.549999999996387709e-04 2.957030000000138159e-03 1.625000000036180701e-05
1.624199999998410357e-04 2.823820000000054533e-03 2.038000000013084765e-05
1.581500000002122820e-04 2.762260000000083156e-03 1.602000000016090485e-05
1.649199999999240108e-04 3.140120000000123750e-03 1.826000000004768253e-05
1.679300000001049506e-04 3.374260000000006525e-03 1.830000000015985642e-05
2.268099999998440699e-04 3.176850000000719203e-03 1.746000000011349449e-05
3.484499999999002393e-04 3.371659999999998547e-03 2.443000000003081663e-05
2.066800000003254977e-04 5.094039999999644582e-03 3.291000000018584750e-05
2.181700000001285389e-04 3.769929999999810377e-03 1.718999999997805481e-05
1.656400000001667704e-04 3.364710000000137400e-03 3.729000000003423749e-05
2.726400000002015991e-04 3.918419999999578178e-03 1.915999999990702918e-05
1.734599999997144036e-04 4.382160000000290094e-03 2.290000000026992666e-05
2.069599999998672502e-04 3.832400000000113320e-03 1.845999999972036676e-05
1.604300000000335904e-04 3.290840000000194894e-03 1.753999999980493317e-05
1.660500000003395425e-04 3.356559999999930797e-03 1.557999999999282046e-05
2.090799999995951561e-04 3.448560000000000687e-03 2.217999999967190796e-05
2.039300000003407723e-04 3.951629999999895296e-03 2.107999999978460437e-05
1.879599999996983575e-04 3.726640000000003283e-03 3.551999999995558710e-05
2.439900000002381722e-04 3.912450000000511352e-03 1.777000000000583533e-05
1.609399999999539086e-04 3.637409999999974188e-03 1.997999999971966780e-05
2.029899999996587266e-04 3.920270000000058985e-03 1.884999999983705198e-05
1.808799999997390219e-04 3.662270000000233776e-03 1.743999999987977457e-05
1.714699999997293389e-04 3.682629999999775892e-03 3.141000000024263001e-05
2.411199999997393260e-04 3.398100000000070509e-03 1.613999999978688106e-05
1.568300000000633185e-04 2.870509999999981514e-03 1.690000000014180092e-05
1.708200000001269814e-04 2.921040000000019263e-03 1.574000000008623988e-05
1.846500000000972418e-04 3.045210000000153541e-03 1.609999999985234354e-05
1.674599999995862677e-04 4.193959999999918517e-03 2.342000000030708271e-05
2.165999999997225592e-04 3.521450000000037051e-03 1.737000000030519754e-05
1.742599999998262314e-04 3.504289999999876584e-03 1.513000000024078350e-05
1.713700000001594395e-04 3.342930000000166133e-03 1.663999999959031719e-05
2.005599999996832139e-04 3.515349999999983939e-03 1.660999999995027430e-05
1.688200000002026914e-04 3.224800000000449616e-03 1.745999999993586152e-05
1.687599999996791612e-04 3.080539999999842675e-03 1.591999999988047353e-05
1.620600000002525684e-04 2.829939999999808720e-03 1.541000000013781210e-05
1.680000000002124130e-04 3.054690000000093338e-03 1.563999999980580856e-05
1.702599999998000049e-04 3.442750000000316217e-03 3.156000000057446051e-05
2.435200000000747823e-04 4.065319999999772622e-03 1.687999999973044464e-05
1.765700000001757476e-04 3.034900000000106783e-03 1.641999999950627330e-05
1.786900000002589195e-04 3.021260000000225519e-03 1.666000000000167347e-05
1.726599999997802224e-04 3.183040000000047966e-03 1.698000000018851232e-05
1.933199999996304487e-04 3.815569999999901454e-03 1.775000000012738475e-05
1.767100000000354607e-04 3.075039999999873604e-03 1.666000000053457917e-05
1.699400000001460853e-04 3.028449999999694060e-03 1.578000000002077741e-05
1.730800000004251052e-04 3.108709999999881377e-03 1.671999999945938885e-05
1.718000000002106622e-04 3.051740000000080499e-03 1.650999999984747933e-05
1.727899999997006830e-04 3.839149999999946598e-03 1.774999999977211541e-05
1.756499999999050379e-04 3.268840000000139499e-03 1.510999999982942722e-05
1.707799999998371677e-04 3.214420000000117912e-03 1.575000000020310154e-05
1.642800000002608786e-04 2.888970000000234874e-03 1.559000000010968211e-05
1.692900000000108153e-04 3.175740000000182393e-03 1.469000000025033547e-05
1.965600000005451929e-04 4.059799999999924233e-03 1.775999999971134070e-05
1.793600000002726401e-04 3.325620000000029108e-03 1.516999999999768466e-05
1.760000000004424583e-04 3.248500000000298458e-03 1.660000000018868537e-05
1.765599999997036098e-04 3.138759999999685135e-03 1.663000000036163396e-05
1.825300000001917164e-04 3.169409999999572933e-03 1.661999999988949959e-05
1.769900000001101256e-04 5.027749999999997499e-03 1.972000000023399547e-05
2.129199999997055724e-04 3.208229999999723161e-03 1.668999999999698570e-05
1.821699999997150707e-04 3.413370000000171076e-03 1.525000000022203073e-05
1.798299999995478515e-04 3.368790000000210314e-03 1.507000000007252606e-05
1.925400000002852499e-04 3.180529999999848201e-03 1.527000000027811598e-05
1.827999999996165971e-04 3.439000000000191903e-03 1.597000000028714204e-05
1.811099999997622945e-04 3.013960000000182136e-03 1.655000000013728958e-05
1.945200000003310893e-04 3.197100000000396847e-03 1.640000000033836478e-05
2.451200000002984108e-04 3.270609999999685331e-03 1.587000000036198344e-05
1.741000000000880678e-04 3.331640000000213233e-03 1.711000000028661952e-05
1.730199999997239556e-04 3.888329999999840143e-03 1.613000000038056146e-05
1.791300000000717210e-04 3.336629999999374350e-03 1.668000000023539677e-05
1.980099999999040852e-04 3.732160000000206423e-03 1.566999999997875716e-05
1.856600000001762450e-04 3.430429999999873303e-03 1.692999999960420745e-05
1.843800000001394215e-04 3.330180000000382366e-03 1.634000000017010734e-05
2.057299999998818461e-04 3.891829999999707468e-03 1.741999999946841491e-05
1.924200000001263680e-04 3.390130000000013324e-03 1.944999999992091944e-05
1.780999999995813818e-04 3.327490000000032748e-03 1.891000000000531280e-05
1.759400000002742212e-04 3.215819999999780434e-03 1.575000000002546517e-05
1.772399999998342023e-04 3.192819999999940879e-03 1.459999999955385840e-05
1.788800000001700250e-04 4.274160000000115298e-03 2.236999999976063623e-05
1.863799999997084456e-04 3.348580000000289571e-03 1.671999999981466157e-05
1.917200000001173521e-04 3.699899999999800397e-03 1.973999999957953697e-05
1.956999999995545690e-04 3.663019999999939189e-03 2.106999999984537908e-05
1.956099999999238949e-04 3.378340000000612433e-03 1.637000000052068891e-05
1.873899999992545363e-04 3.520779999999490255e-03 1.718999999944514911e-05
1.783299999999599203e-04 3.262170000000353016e-03 1.691999999984261513e-05
1.863499999995355037e-04 3.448270000000519357e-03 2.122000000071011527e-05
1.818600000000003493e-04 3.241979999999244737e-03 1.633000000040851841e-05
1.807400000004122484e-04 3.332639999999642642e-03 2.218000000056008638e-05
1.952000000009945671e-04 3.493359999999867769e-03 2.987999999959356501e-05
2.060300000003678742e-04 4.176979999999374908e-03 2.288999999997542865e-05
1.937299999998032209e-04 3.484129999999652401e-03 1.865000000016436775e-05
1.927999999999485789e-04 3.471290000000237796e-03 1.751000000034253002e-05
1.932499999998782522e-04 3.552279999999541273e-03 2.080999999911625900e-05
2.187000000009931054e-04 4.317789999999988027e-03 1.902999999963128562e-05
1.829700000008926963e-04 3.663459999999929637e-03 1.690000000031943728e-05
1.882999999999412867e-04 3.660269999999954220e-03 1.616000000090877939e-05
2.087100000000674635e-04 3.637159999999895008e-03 1.634000000017010734e-05
1.833899999997612494e-04 3.625440000000068694e-03 2.002000000054238036e-05
1.843299999997327632e-04 4.249150000000412146e-03 2.250999999979796872e-05
1.957500000003164933e-04 3.544190000000213385e-03 2.267000000060193020e-05
1.933000000004625571e-04 3.379829999999728416e-03 1.738999999965073904e-05
1.954200000000128165e-04 3.663480000000163272e-03 2.908999999959860225e-05
2.080099999997031546e-04 3.866149999999990514e-03 1.829999999998222006e-05
2.019000000004211870e-04 3.657900000000324781e-03 1.873000000003344280e-05
2.005800000002721964e-04 3.606650000000044543e-03 2.154000000018640868e-05
1.956700000000921591e-04 3.623319999999097263e-03 2.133999999962554603e-05
1.995799999999547990e-04 3.779759999999754601e-03 1.798000000015065393e-05
1.974300000000539512e-04 3.638400000000885544e-03 1.984999999997682994e-05
2.000900000002303559e-04 4.602499999999310268e-03 2.115000000024735982e-05
4.659199999998975272e-04 3.842929999999711212e-03 2.188000000096224017e-05
2.042599999988681193e-04 3.681860000000369837e-03 2.210000000033573861e-05
2.062299999998629119e-04 3.756870000000489453e-03 1.798000000015065393e-05
2.021100000000330965e-04 3.753860000000130894e-03 1.780999999958510351e-05
2.285699999998058621e-04 4.492540000000389173e-03 1.709000000005289621e-05
1.872799999997454387e-04 3.593370000000106930e-03 1.714000000028192836e-05
2.031500000008179541e-04 3.394570000000029890e-03 2.165000000076133801e-05
1.902899999993934389e-04 3.466760000000235209e-03 1.753999999998256953e-05
1.949100000000924984e-04 3.677419999999998086e-03 1.695999999995478902e-05
2.009300000000990849e-04 4.404539999999812841e-03 1.842000000067400766e-05
1.890300000003008909e-04 3.903479999999959205e-03 1.956999999954689564e-05
2.103300000001695426e-04 3.607170000000436971e-03 2.189000000036855976e-05
2.064100000005453239e-04 3.892129999999482774e-03 1.819000000011783278e-05
2.051799999996717415e-04 3.852649999999613155e-03 1.700999999911800977e-05
2.165600000001433045e-04 4.528540000000092110e-03 1.937000000076238984e-05
1.912200000010244648e-04 3.621439999999864767e-03 2.034000000037394649e-05
2.083700000007127128e-04 3.929400000000171297e-03 1.801000000050123549e-05
2.025400000000843193e-04 3.641910000000336909e-03 1.815000000000566228e-05
2.036799999999061638e-04 3.629509999999314205e-03 2.020000000051425036e-05
2.072299999998250433e-04 4.623710000000258100e-03 1.976000000034616597e-05
2.036499999999108414e-04 3.667439999999544311e-03 1.841000000055714600e-05
2.080300000002921370e-04 3.951770000000465188e-03 1.812000000036562277e-05
2.095899999996930665e-04 3.900949999999880988e-03 1.808000000025344889e-05
2.097300000002633115e-04 3.944309999999262226e-03 1.820000000058996715e-05
2.321000000002015841e-04 4.229270000000440004e-03 1.787000000064153937e-05
2.143499999995413072e-04 3.624289999999419365e-03 1.789000000016471723e-05
2.111699999996830056e-04 3.737409999999385946e-03 1.823999999999159559e-05
2.091099999990575389e-04 3.783159999999696679e-03 1.891000000000531280e-05
2.153299999996249880e-04 3.814449999999780603e-03 1.833000000033280162e-05
2.168400000009285014e-04 5.752059999999304188e-03 4.003999999966367660e-05
2.780399999991800325e-04 4.330539999999771794e-03 1.859999999993533560e-05
2.093899999998427629e-04 3.821499999999744372e-03 1.768000000019753838e-05
1.971999999994977662e-04 3.474029999999927922e-03 1.947000000086518480e-05
2.004800000001694116e-04 3.733839999999944044e-03 1.757000000033315110e-05
2.468599999993159816e-04 5.041990000000140179e-03 1.783999999958041236e-05
1.984799999995345897e-04 3.694860000000588403e-03 1.757000000033315110e-05
2.033800000003083142e-04 3.790960000000609224e-03 1.742999999940764020e-05
2.129400000001169355e-04 3.720549999999889397e-03 1.748999999939826466e-05
2.036199999999155461e-04 4.300549999999958573e-03 2.557000000003029072e-05
2.920599999992390177e-04 3.993040000000292085e-03 1.975999999999089664e-05
2.168400000009285014e-04 4.033820000000432407e-03 1.842000000031873832e-05
2.106100000002442075e-04 3.896720000000186701e-03 1.901999999951442397e-05
2.196399999988329964e-04 3.771950000000146193e-03 1.860999999898638247e-05
2.102099999991224823e-04 3.678739999999791621e-03 1.842000000031873832e-05
2.222099999997340200e-04 3.952040000000422819e-03 2.105999999955088107e-05
2.393299999994269456e-04 3.907880000000219303e-03 1.863999999969223677e-05
2.216700000001736726e-04 4.034030000000044316e-03 2.737999999915530360e-05
2.217099999999305737e-04 4.035710000000136688e-03 1.811000000024876112e-05
2.145900000005696029e-04 4.382100000000476933e-03 3.664000000043187994e-05
4.145400000002297139e-04 4.742429999999941623e-03 2.011000000052831705e-05
2.171899999996895650e-04 3.877010000000424752e-03 1.861000000040746659e-05
2.251799999992698531e-04 3.800750000000263553e-03 1.669999999975857463e-05
2.184600000003200757e-04 3.982009999999291602e-03 1.838999999890233858e-05
2.332400000000234286e-04 4.193169999999568458e-03 1.847999999959881734e-05
2.584500000008205451e-04 4.791110000000387177e-03 1.860000000064587766e-05
2.152499999994006538e-04 3.971349999999773846e-03 1.783999999958041236e-05
2.060900000003584919e-04 3.705689999999606417e-03 1.762999999996850284e-05
2.164499999999236479e-04 4.067680000000351015e-03 2.028000000002805269e-05
2.118799999990983343e-04 4.150110000000139902e-03 2.651000000035708058e-05
2.862899999989565350e-04 4.669730000000526897e-03 1.900999999904229298e-05
2.120599999990702145e-04 3.987819999999686442e-03 1.899000000022965718e-05
2.216399999991125523e-04 3.940260000000250784e-03 1.942999999968719613e-05
2.224300000001733332e-04 4.183479999999661567e-03 1.607000000056757336e-05
2.120999999998929406e-04 3.916769999999303482e-03 1.770999999983757789e-05
2.469599999994187664e-04 4.408860000000203519e-03 1.794999999944479964e-05
2.076299999998809708e-04 4.029449999999812175e-03 1.919999999984156670e-05
2.221399999999817965e-04 3.954109999999744392e-03 1.881999999966410677e-05
2.281200000002314818e-04 4.149689999999850096e-03 1.864000000040277882e-05
2.254799999988677027e-04 4.587109999999938563e-03 2.537999999923101700e-05
2.760200000000878509e-04 4.576580000000873664e-03 1.889999999953317843e-05
2.159900000005876618e-04 3.978850000000022473e-03 1.832999999962225957e-05
2.309599999993139417e-04 4.027309999999673096e-03 1.923999999995373720e-05
2.151000000004898939e-04 3.969150000000709784e-03 2.503000000011468409e-05
2.231299999994718172e-04 4.142700000000587232e-03 1.855999999982316172e-05
2.303800000003519591e-04 4.023469999999562327e-03 1.931000000041649265e-05
2.209699999994540977e-04 3.893650000000547975e-03 1.792999999992161839e-05
2.196399999995435283e-04 4.333189999999831517e-03 1.757999999973947070e-05
2.216400000001783502e-04 4.203400000000101847e-03 1.706000000005758398e-05
2.228500000004629501e-04 4.844649999999362314e-03 2.102999999955557222e-05
2.360100000004194899e-04 4.317960000000909022e-03 1.988999999937846177e-05
2.427000000007950630e-04 4.128679999999817878e-03 1.908000000021559049e-05
2.322200000001828466e-04 4.353159999999789247e-03 1.883000000013623776e-05
2.346699999996815168e-04 4.263670000000274740e-03 1.895000000011748330e-05
2.283900000012550999e-04 4.196009999999717258e-03 1.848000000066463212e-05
2.717300000000477883e-04 5.172099999999702283e-03 2.405999999908203655e-05
2.819599999991595713e-04 4.513079999999902898e-03 2.080999999982680105e-05
2.892700000003855967e-04 4.239859999999495872e-03 1.940000000040242935e-05
2.238200000000745203e-04 4.034099999999441084e-03 1.807999999989817617e-05
2.198600000003381075e-04 5.198090000000021513e-03 2.081999999958838998e-05
2.395899999996231600e-04 4.435169999999643946e-03 1.953000000014526382e-05
2.325599999998928633e-04 4.292489999999915366e-03 1.879000000002406387e-05
2.324599999997900514e-04 4.216609999999931455e-03 1.873000000074398486e-05
2.345699999999339980e-04 4.295829999999512157e-03 1.714000000028192836e-05
2.368400000008819061e-04 4.649369999999919227e-03 1.823000000023000666e-05
2.620700000008469141e-04 4.565680000000326907e-03 1.860999999898638247e-05
2.436699999996960742e-04 4.464329999999705825e-03 1.720000000098309488e-05
2.386400000002453334e-04 4.477409999999792944e-03 1.925999999912164572e-05
2.379900000008205953e-04 4.489100000000689761e-03 2.165999999981238489e-05
3.338000000002949936e-04 5.845839999999924257e-03 2.407000000061998570e-05
2.414700000009872784e-04 4.974620000000484765e-03 1.983000000009837936e-05
2.360099999997089580e-04 5.576560000000086240e-03 2.700999999944997466e-05
3.201199999999460250e-04 5.102230000000318455e-03 1.873000000074398486e-05
2.374299999996054675e-04 4.507800000000727891e-03 1.991999999972904334e-05
2.445799999996722926e-04 4.730289999999470751e-03 2.303000000019039749e-05
2.550199999998170488e-04 5.529399999999284714e-03 1.926000000125327528e-05
3.606699999995299994e-04 4.996009999999983901e-03 1.897999999975752281e-05
2.236999999990274600e-04 4.645869999999874093e-03 1.958000000001902663e-05
2.487600000002032847e-04 5.240869999999731021e-03 2.637000000014211174e-05
2.778100000004002585e-04 4.851339999999737182e-03 1.912999999937881125e-05
2.449400000006818237e-04 4.704819999999543083e-03 1.759000000021160168e-05
2.321199999993695028e-04 4.387810000000058781e-03 1.892000000012217107e-05
2.421799999996920752e-04 4.447520000000082345e-03 1.885999999977627727e-05
2.417600000008235492e-04 4.364170000000200042e-03 1.770000000007598896e-05
2.427099999991355508e-04 4.356029999999932664e-03 1.871999999885076636e-05
2.629600000002340959e-04 5.192019999999786077e-03 1.962999999953751672e-05
2.455799999999897171e-04 4.453100000000276455e-03 1.803999999943073295e-05
2.434099999998551257e-04 4.302339999999560231e-03 1.821000000035155608e-05
2.327599999993879010e-04 4.727370000000163767e-03 2.508999999939476311e-05
2.861000000002889010e-04 4.662400000000133278e-03 2.051999999999054716e-05
2.378599999996566902e-04 4.379199999999627661e-03 1.812999999977193898e-05
2.398600000002915121e-04 5.061069999999645228e-03 2.031000000002336492e-05
2.549000000001911065e-04 4.739890000000102424e-03 1.966000000024337101e-05
2.514999999991829327e-04 4.667280000000317668e-03 2.585999999986654462e-05
2.489799999999320118e-04 4.626090000000360192e-03 1.891000000036058214e-05
2.815899999998094710e-04 4.646400000000383557e-03 1.832999999997753229e-05
2.357399999993958718e-04 4.521629999999277061e-03 1.774000000018815946e-05
2.347400000001442723e-04 4.683079999999150908e-03 1.904999999986500893e-05
2.343399999997331060e-04 5.323020000000866850e-03 2.595000000020775065e-05
3.243499999999954969e-04 5.876230000000504453e-03 2.779999999980020675e-05
2.636600000005984048e-04 6.211230000000256615e-03 2.407999999967103257e-05
2.746600000005372522e-04 5.258680000000737209e-03 2.457999999982973804e-05
2.458700000008917858e-04 5.284949999999710366e-03 3.182999999999936152e-05
3.574599999996763483e-04 5.504689999999712487e-03 2.274999999940519047e-05
2.552999999998917138e-04 5.196050000000696292e-03 1.846000000043090882e-05
2.996699999997076811e-04 5.349150000000335234e-03 1.980999999986465945e-05
2.503500000006653073e-04 4.425560000000672463e-03 1.850000000018780998e-05
2.415500000001458147e-04 4.402539999999888036e-03 1.770999999912703583e-05
2.522999999996500264e-04 4.387700000000193876e-03 1.837999999949602238e-05
2.397399999999549837e-04 5.135760000000289330e-03 1.835000000021125220e-05
3.162199999994896979e-04 4.318679999999730339e-03 1.970000000000027217e-05
2.458300000004242985e-04 4.475529999999850080e-03 1.762999999961323351e-05
2.448000000011774308e-04 4.462270000000145669e-03 1.653000000061410833e-05
2.439100000000138380e-04 4.514929999999495527e-03 1.804000000014127500e-05
2.432000000002432162e-04 4.473639999999434562e-03 1.836000000068338658e-05
2.497300000005253868e-04 4.906000000000076966e-03 1.777999999923451856e-05
2.425199999997573849e-04 4.468539999999876847e-03 1.695000000054846942e-05
2.465499999988907012e-04 4.610600000000175495e-03 1.872999999967817007e-05
2.478299999992827907e-04 4.677919999999602223e-03 1.835999999961757180e-05
2.493699999995158015e-04 5.995400000000472400e-03 2.037999999977557831e-05
2.581499999998016046e-04 4.575340000000238314e-03 1.940000000075769868e-05
2.587099999992404026e-04 4.903340000000255827e-03 1.911000000056617545e-05
2.687399999995676797e-04 4.976539999999829780e-03 2.425000000023658299e-05
2.588999999996843934e-04 4.764330000000783008e-03 1.908999999997717942e-05
2.682699999997595558e-04 4.837830000000664828e-03 2.075999999959776552e-05
2.583999999998809471e-04 5.389879999999891251e-03 1.832999999997753229e-05
2.525600000002015339e-04 4.868460000000141182e-03 1.797999999979538120e-05
2.435200000007853413e-04 4.364840000000214278e-03 1.828000000010376948e-05
2.503700000005437579e-04 4.842630000000269427e-03 1.827000000034218055e-05
2.540799999998455622e-04 5.374220000000207165e-03 2.012999999969622558e-05
2.907300000003942733e-04 5.137390000000863384e-03 2.055999999903690287e-05
2.514000000008565047e-04 4.896850000000086203e-03 1.939999999933661456e-05
2.588300000006427018e-04 4.714019999999763400e-03 1.773999999983289012e-05
2.601200000004411312e-04 4.860320000000584173e-03 1.916999999984625447e-05
2.598899999998849461e-04 4.884809999999362336e-03 1.940999999945347622e-05
3.160100000005883203e-04 5.587129999998908039e-03 2.247999999944738715e-05
2.549399999999480077e-04 4.637250000000037176e-03 1.870000000003813057e-05
2.730599999996030647e-04 4.773879999999763521e-03 1.811999999929980799e-05
2.624999999994770189e-04 5.242369999999852218e-03 2.832999999924368240e-05
3.283200000002039934e-04 4.880049999999513770e-03 2.017000000016366880e-05
2.600300000004551640e-04 4.956860000000418501e-03 1.862000000016905552e-05
2.543900000006260815e-04 4.844690000000184335e-03 1.678000000033819174e-05
2.558500000009899969e-04 4.924689999999998062e-03 1.956999999990216498e-05
2.650100000007427179e-04 4.859000000000790638e-03 1.859999999993533560e-05
2.630900000003322031e-04 4.448290000000199203e-03 1.791999999980476013e-05
2.582100000001474882e-04 4.914150000000461378e-03 1.828999999986535840e-05
2.683300000001054395e-04 4.866219999999543862e-03 1.862000000123487030e-05
2.565699999998116926e-04 4.569560000000550196e-03 3.075999999957446107e-05
2.678800000001757661e-04 4.775169999999562438e-03 1.796999999967851955e-05
2.581199999994509891e-04 5.441210000000040910e-03 2.084000000017738262e-05
2.730600000006688896e-04 4.876510000001133341e-03 1.931000000006122331e-05
2.677200000000823366e-04 4.891689999999471530e-03 1.901999999986969669e-05
2.695899999999084922e-04 4.955850000000694248e-03 1.860000000029060494e-05
2.724799999995752842e-04 5.040529999999776752e-03 1.821999999975787568e-05
2.799400000000673355e-04 5.054670000000172428e-03 1.840999999984660395e-05
2.650700000003780696e-04 4.824290000000531001e-03 1.879000000037933660e-05
2.533799999994812533e-04 4.615930000000645177e-03 1.879999999943038347e-05
2.504999999995760401e-04 4.421470000000838133e-03 1.772000000030970888e-05
2.999600000006097497e-04 4.772450000000460699e-03 1.889000000012686222e-05
2.591099999992963030e-04 6.486549999999979832e-03 2.109999999966305495e-05
2.694000000001750333e-04 4.873149999999526125e-03 1.963000000060333150e-05
2.763400000002747101e-04 5.042919999999995011e-03 1.938999999921975291e-05
2.730899999999536259e-04 5.085090000000036872e-03 1.895999999987907223e-05
2.715200000000805858e-04 5.024259999999713781e-03 1.888000000036526991e-05
2.795899999995299151e-04 4.799600000000125988e-03 1.946000000039305042e-05
3.035699999994534220e-04 5.732300000000023488e-03 1.917000000055679653e-05
2.643600000002521819e-04 4.786299999999243937e-03 1.975999999963562391e-05
2.641199999995791250e-04 4.673480000001006829e-03 1.886000000084209205e-05
2.690300000004697484e-04 4.984390000000260210e-03 1.733000000001538730e-05
2.727500000005989023e-04 9.285009999999260799e-03 2.662000000057673720e-05
5.463999999996360874e-04 6.949949999999915744e-03 2.115000000024735982e-05
5.003999999999564352e-04 6.531770000000136286e-03 1.760000000032846333e-05
3.674199999998961630e-04 5.479509999999620899e-03 1.830999999903326693e-05
3.113299999998986431e-04 5.598060000000159783e-03 1.894000000000062165e-05
2.857600000002235912e-04 5.540909999999854736e-03 2.076000000101885302e-05
3.420700000006604785e-04 5.082379999999986180e-03 1.909999999973877174e-05
2.662099999991340621e-04 5.207749999999932919e-03 1.906999999938818678e-05
2.717500000002814778e-04 4.766149999999668915e-03 1.917000000020152719e-05
2.701899999991041914e-04 4.953219999999447856e-03 1.677000000022133008e-05
2.664199999998117965e-04 6.559729999999675334e-03 1.939000000028556769e-05
2.707600000011467500e-04 5.193599999999775826e-03 1.835000000021125220e-05
2.621999999998791964e-04 4.814819999999641817e-03 1.767000000008067673e-05
2.695099999989736261e-04 5.055549999999087336e-03 1.893999999929007959e-05
2.661199999998586810e-04 4.924190000000194453e-03 1.883000000049151048e-05
2.699200000005674621e-04 5.372159999999936639e-03 1.953999999884104135e-05
2.777300000005311631e-04 5.172510000000229806e-03 1.779000000006192227e-05
2.698199999997541454e-04 5.001359999999977282e-03 1.699000000030537059e-05
2.698699999996279184e-04 5.191350000000483078e-03 1.895999999952380289e-05
2.767399999999753174e-04 6.034710000000132260e-03 3.197999999997591929e-05
3.993699999998767463e-04 5.985150000000416179e-03 2.223000000043384581e-05
3.215600000000762510e-04 5.097510000000226790e-03 1.964999999977124002e-05
2.846099999999296632e-04 5.412809999999624103e-03 1.856999999922948131e-05
2.850799999997377871e-04 5.260340000000240761e-03 1.832999999997753229e-05
2.926099999999820620e-04 5.467109999998953813e-03 2.021000000027583929e-05
2.977900000004751854e-04 5.190820000000329233e-03 1.796000000027220335e-05
3.505000000004088070e-04 6.283999999999423727e-03 1.747999999999194507e-05
2.738399999994811759e-04 4.774959999999950529e-03 1.940000000040242935e-05
2.817499999999029006e-04 5.430250000000569170e-03 1.929000000018277273e-05
2.844299999999577830e-04 5.665949999999498124e-03 2.004000000006556160e-05
2.739900000005235587e-04 5.213550000001276712e-03 1.918000000031838545e-05
2.826499999994070084e-04 5.312610000000361418e-03 2.033999999930813509e-05
2.876299999993392692e-04 5.605769999999665569e-03 2.545999999874481933e-05
2.862399999997933481e-04 5.158609999999797142e-03 1.948000000098204645e-05
2.916300000002536199e-04 5.351340000000348249e-03 1.933999999934599010e-05
2.771500000005033826e-04 5.003870000000176614e-03 1.914000000020621496e-05
2.882700000000681722e-04 5.368390000000289493e-03 1.982999999974311003e-05
3.173300000003820179e-04 5.349720000000246847e-03 1.930000000065490372e-05
2.774900000002133993e-04 5.232269999999416936e-03 2.030999999966809220e-05
2.760699999999616239e-04 5.871530000000291238e-03 2.543000000088113666e-05
3.345300000006545707e-04 5.566400000000371225e-03 1.996999999995807549e-05
3.387699999997550895e-04 5.332459999999627706e-03 1.941999999921506515e-05
2.970100000002417811e-04 5.452179999999628816e-03 1.964000000000965109e-05
2.881999999999607098e-04 5.146690000000830705e-03 2.608000000030585784e-05
3.042700000001730240e-04 5.816449999999662515e-03 1.965999999988810167e-05
2.877800000003815977e-04 5.135819999999213445e-03 1.993999999960749392e-05
3.481299999997133801e-04 6.417689999999609887e-03 1.867000000075336039e-05
2.930500000008606884e-04 5.457370000000238974e-03 1.729000000025848613e-05
2.826400000000006685e-04 5.189970000000698573e-03 1.938000000123452082e-05
2.914499999999265009e-04 5.542850000000498940e-03 2.105000000049983420e-05
2.837500000001824565e-04 5.753840000000209551e-03 2.053999999880318296e-05
2.913099999997115219e-04 5.579890000000276365e-03 1.937000000005184439e-05
2.810899999996507859e-04 5.213660000000430381e-03 1.899000000022965718e-05
2.970900000001108765e-04 5.334020000000094623e-03 1.806000000001972558e-05
2.834299999999956516e-04 5.242690000000038535e-03 1.816999999952884014e-05
2.866800000003166815e-04 5.417889999999658986e-03 1.811000000024876112e-05
2.861600000002795458e-04 5.618859999999869723e-03 2.023999999991588219e-05
2.756999999999010459e-04 4.961960000000331834e-03 1.782999999981882343e-05
2.962099999997746874e-04 6.377599999999717002e-03 2.063000000021020377e-05
2.982299999992221620e-04 6.174749999999562533e-03 2.043000000107042524e-05
3.012499999996975930e-04 5.514829999999903802e-03 2.204000000034511754e-05
3.064699999995923246e-04 5.864149999999668066e-03 3.055999999972414387e-05
3.175099999999986050e-04 5.681290000000416632e-03 1.941000000051929100e-05
2.984899999994183764e-04 5.558390000000556705e-03 1.953000000085580587e-05
3.041800000001870568e-04 5.688400000000726556e-03 1.853000000053839493e-05
3.019300000005386902e-04 5.629949999999795188e-03 2.003999999971028888e-05
3.046800000003457962e-04 5.714130000000139202e-03 2.229999999983078987e-05
3.027499999998184638e-04 5.675640000000115384e-03 2.048999999928469287e-05
3.061699999999945021e-04 5.857090000000298065e-03 1.941000000016401827e-05
2.852800000002986497e-04 6.420820000000304270e-03 2.247999999944738715e-05
3.120100000000292084e-04 5.689259999999763014e-03 2.029000000014491434e-05
3.218499999992019628e-04 6.023889999998743687e-03 1.878999999966879454e-05
3.004400000001794524e-04 5.416059999999589189e-03 1.891999999976690173e-05
3.101799999996046608e-04 6.055490000001028869e-03 2.111999999954150553e-05
3.170800000003026753e-04 6.393700000000635333e-03 2.192000000000859927e-05
3.024200000002252647e-04 5.662490000000986248e-03 2.252000000098064515e-05
3.542099999993553183e-04 6.383829999999690412e-03 1.782999999981882343e-05
2.959300000000553155e-04 5.429129999999915759e-03 9.632999999951153401e-05
2.948200000002287663e-04 5.662949999999611350e-03 1.912000000103830644e-05
3.043100000002851640e-04 6.442100000000294986e-03 2.095999999980335883e-05
3.322300000007771923e-04 6.083569999999838621e-03 1.984000000021524102e-05
3.262700000000506645e-04 5.614399999999975140e-03 1.862000000052432824e-05
3.138199999998647735e-04 6.080799999999797825e-03 2.635000000061893388e-05
3.785499999999331175e-04 5.935609999999869046e-03 2.142999999996675207e-05
3.125700000005338314e-04 6.126819999999711004e-03 2.055999999974744832e-05
3.211200000002633953e-04 5.792819999999565192e-03 2.032999999990181550e-05
3.520800000000434801e-04 6.090810000000957021e-03 2.058999999974275716e-05
3.065400000000550801e-04 5.616129999999585828e-03 1.943000000004246886e-05
2.942999999998363375e-04 5.392750000000390287e-03 1.768000000019753838e-05
3.014399999994310519e-04 7.360779999999777883e-03 2.423999999940917928e-05
3.183700000001010505e-04 5.944279999999579900e-03 2.093999999992490825e-05
3.378899999997741935e-04 5.962130000001053358e-03 2.045000000023833376e-05
3.457799999992516968e-04 6.021289999998913518e-03 2.087000000088323691e-05
3.165900000006161008e-04 5.998699999999956671e-03 2.046000000177627953e-05
3.161299999995037307e-04 6.044460000000384872e-03 2.016999999980839607e-05
3.102700000013669307e-04 5.688740000000791323e-03 2.037000000001398938e-05
3.656400000004112133e-04 5.545939999999660933e-03 1.984999999962156061e-05
3.043000000012341172e-04 5.808599999999585969e-03 1.991999999972904334e-05
3.007000000017967306e-04 5.778040000001283608e-03 2.106999999966774272e-05
2.980500000006713998e-04 6.177539999999481779e-03 2.018000000134634184e-05
3.154000000009205104e-04 5.767250000000956507e-03 2.094000000099072303e-05
3.220600000005902292e-04 6.522079999999164275e-03 2.080000000077575418e-05
3.174499999978763645e-04 5.932789999999243946e-03 2.053999999986899774e-05
3.186900000009984415e-04 6.047320000000411255e-03 2.097999999932653669e-05
3.253700000016124358e-04 6.197969999999486217e-03 2.094000000028017758e-05
3.225999999997952836e-04 5.748210000001563111e-03 2.026999999955592170e-05
3.692199999996148563e-04 6.559699999999679849e-03 1.982999999867729525e-05
3.130000000005850542e-04 5.477930000000697137e-03 1.944999999921037738e-05
3.045200000002523666e-04 5.592679999998751046e-03 1.945999999932723903e-05
3.143300000004956235e-04 6.225129999999268540e-03 2.116999999870472629e-05
3.767500000002144242e-04 5.986910000001443959e-03 2.191999999965332655e-05
3.229000000004589310e-04 5.924780000000140663e-03 2.075000000019144931e-05
3.252100000004531813e-04 6.320700000000556255e-03 1.985000000104264473e-05
3.203899999981274613e-04 6.059660000001798608e-03 2.067000000067764699e-05
3.217499999990991238e-04 6.223349999999783048e-03 2.120000000047639197e-05
3.223799999993559704e-04 6.082009999999371704e-03 2.244000000004575532e-05
3.294900000007317193e-04 5.733749999999560379e-03 2.184000000013952423e-05
3.203999999989548650e-04 5.649780000000959382e-03 1.943999999980405778e-05
3.125099999998326547e-04 5.811279999999641177e-03 1.953000000156635132e-05
3.066800000013358840e-04 6.566140000001751895e-03 2.234000000171931720e-05
3.247400000013555893e-04 6.199669999998746669e-03 2.067000000209873111e-05
3.185700000010172062e-04 5.898570000000091622e-03 2.023999999991588219e-05
3.277999999980352078e-04 5.963249999999931279e-03 2.065999999985024328e-05
3.218699999997909453e-04 6.055709999998981456e-03 1.896999999999593388e-05
3.206799999979637050e-04 5.938910000000419305e-03 2.062999999807857421e-05
3.200700000007827839e-04 5.924919999999644568e-03 2.025000000003274045e-05
3.195199999993292078e-04 5.929479999998932271e-03 1.822000000117895979e-05
3.335300000003371462e-04 6.085130000001015907e-03 1.962999999918224738e-05
3.256700000001444334e-04 5.834229999999962848e-03 1.844999999889296305e-05
3.250099999988264937e-04 6.794139999999515740e-03 2.129999999880283348e-05
3.152999999997519007e-04 6.448649999998679223e-03 2.241999999910149335e-05
3.255700000018180054e-04 5.881630000001081271e-03 2.033000000096763028e-05
3.202200000011146347e-04 6.078519999999798355e-03 1.922000000078583206e-05
3.131299999999725752e-04 5.658920000000478359e-03 1.966000000024337101e-05
3.203799999980105895e-04 5.869110000001853851e-03 1.822999999916419188e-05
3.164499999996905899e-04 6.108100000000860411e-03 1.983999999950469896e-05
3.135100000001500792e-04 6.034070000001179497e-03 2.019000000004211938e-05
3.144500000004768589e-04 6.232510000000246464e-03 2.009000000100513581e-05
3.097900000000208712e-04 5.736760000001339677e-03 1.835999999997284113e-05
3.196299999999041574e-04 7.339050000000213111e-03 2.288999999819907181e-05
3.519700000005343554e-04 6.023509999999276769e-03 2.081999999958838998e-05
3.338599999970881635e-04 6.549040000000161225e-03 2.095000000110758129e-05
3.276199999994844456e-04 6.030260000001419832e-03 2.055999999868163354e-05
3.387900000014098969e-04 6.335250000001480322e-03 2.028999999978964162e-05
3.297700000011616231e-04 6.333800000000877443e-03 1.948999999896727854e-05
3.344200000015007390e-04 6.386439999999282864e-03 2.036000000131821185e-05
3.439499999991823881e-04 7.351519999999567463e-03 2.014999999886413071e-05
3.134299999999256908e-04 5.874099999999771171e-03 2.904999999984170109e-05
3.135400000019217042e-04 5.545989999998823632e-03 1.840000000044028774e-05
3.162800000012566453e-04 7.177370000000848904e-03 2.247999999909211443e-05
3.393800000004887243e-04 6.788939999999854535e-03 2.108999999848037852e-05
3.290199999987919455e-04 6.225550000001333836e-03 2.112000000025204759e-05
3.212200000007214731e-04 5.906390000000527433e-03 1.963000000060333150e-05
3.369200000001626233e-04 6.612200000000001236e-03 2.097999999861599463e-05
3.303899999984594160e-04 6.281159999999630546e-03 1.932000000053335430e-05
3.323199999989867484e-04 6.516649999998946723e-03 2.111999999883096347e-05
4.267399999996257303e-04 6.051740000000194186e-03 2.026000000014960211e-05
3.302499999982444370e-04 6.212449999999591910e-03 2.003000000030397267e-05
3.209099999999409539e-04 6.130929999999779403e-03 3.021000000060780757e-05
4.299100000018540760e-04 6.635030000001762573e-03 2.174999999837723408e-05
3.286500000001524313e-04 5.976700000000079518e-03 2.219000000067694465e-05
3.227899999998839814e-04 6.041230000000297369e-03 1.923000000019214827e-05
3.257000000012055807e-04 6.208790000000163553e-03 1.974999999987403498e-05
3.373199999998632848e-04 6.242029999999232359e-03 2.009999999899037129e-05
3.372800000015274474e-04 5.881609999999426464e-03 1.978000000022461655e-05
3.249199999999064056e-04 6.279879999998882675e-03 1.970000000071081423e-05
3.343600000007995623e-04 6.148340000001440223e-03 1.986000000044896432e-05
3.220700000007070468e-04 6.149149999999536757e-03 2.066999999996710493e-05
3.335499999984392399e-04 6.249830000000855708e-03 2.055999999868163354e-05
3.198799999992729681e-04 6.845029999999497142e-03 2.205999999844721128e-05
3.314599999995948348e-04 6.040389999998297017e-03 1.956000000049584877e-05
3.284200000024384281e-04 6.582520000000613783e-03 2.218000000056008638e-05
3.229600000011601077e-04 6.142820000000171095e-03 2.044000000154255623e-05
3.296399999989319202e-04 6.512029999999668917e-03 2.034999999835918196e-05
3.357999999998639634e-04 6.315819999999661497e-03 1.994000000138385076e-05
3.312700000009272008e-04 6.127520000000430227e-03 1.927999999935536902e-05
3.616999999991321602e-04 6.093509999999469073e-03 2.055000000140694351e-05
3.246199999992427582e-04 6.034279999999369801e-03 2.076000000101885302e-05
3.285400000017091315e-04 6.246830000000614183e-03 1.848999999936040627e-05
3.358099999985597714e-04 7.452109999999833971e-03 2.249999999861529567e-05
3.487900000010313198e-04 6.587509999999951842e-03 2.064000000032706203e-05
3.330200000000615892e-04 6.358419999999398095e-03 2.028000000109386747e-05
3.320600000002116520e-04 6.313379999999568434e-03 1.891000000000531280e-05
3.301599999993243490e-04 6.629799999998908788e-03 2.041999999775612263e-05
3.297199999991562544e-04 6.220240000000387855e-03 2.045999999893410791e-05
3.277499999981614348e-04 6.202389999999269148e-03 1.998000000043020986e-05
4.070499999990318083e-04 6.558999999999315378e-03 2.036999999930344394e-05
3.424199999990662491e-04 6.321109999999663040e-03 2.016999999909785402e-05
3.328699999983086746e-04 6.388930000001380102e-03 2.130999999963023719e-05
3.339900000000284525e-04 7.349299999998492976e-03 2.287000000009697806e-05
3.514999999993051677e-04 6.659579999999465719e-03 2.617999999969811075e-05
3.442800000009071828e-04 6.643460000000089676e-03 2.174999999979831819e-05
3.502199999992683171e-04 6.400149999999627318e-03 2.123000000011643487e-05
3.527299999987576593e-04 6.352169999999546235e-03 2.113999999977522883e-05
3.605900000010819678e-04 6.417850000002544957e-03 2.124999999963961272e-05
4.649900000003981512e-04 6.624439999999509610e-03 2.176999999932149944e-05
3.568099999988305735e-04 6.548749999999614775e-03 2.186000000037324753e-05
3.536900000000287145e-04 6.706610000001234258e-03 2.121999999999957322e-05
3.526100000001974877e-04 6.441590000000729961e-03 6.660999999894557364e-05
5.082699999988449019e-04 6.852759999999591747e-03 2.009999999970091334e-05
3.336899999993647508e-04 6.122490000000624030e-03 2.111999999954150553e-05
3.462599999998872244e-04 6.699580000000792887e-03 2.059000000045330261e-05
3.399199999996937787e-04 6.525019999999414830e-03 2.081000000018207039e-05
3.424300000006041847e-04 6.626169999999121166e-03 2.093000000087386138e-05
3.383699999986333642e-04 6.711329999999548698e-03 2.125999999762484481e-05
3.557599999979288441e-04 6.261349999998344802e-03 2.067000000138818905e-05
3.940999999997530029e-04 6.602620000000314002e-03 2.205000000046197919e-05
3.456100000001072203e-04 6.041849999999726432e-03 1.928000000148699520e-05
3.464100000002190210e-04 6.542849999998878729e-03 2.075000000019144931e-05
3.367199999999570537e-04 8.147439999999761193e-03 2.182999999931212052e-05
3.382199999997226314e-04 6.686369999998475686e-03 2.143000000103256685e-05
4.679600000002892774e-04 6.626219999999705471e-03 2.191000000024701034e-05
3.527400000002955949e-04 6.434860000000241706e-03 2.040999999977089054e-05
3.521699999993188612e-04 6.384899999998338779e-03 2.041999999988774881e-05
3.492999999977541630e-04 6.176019999999482132e-03 2.093000000016331932e-05
3.557199999995930067e-04 6.593510000001146128e-03 2.084000000053265534e-05
3.900200000011011525e-04 6.639169999998273744e-03 1.891000000071585486e-05
3.429300000014734559e-04 7.757120000000128530e-03 2.338999999977886478e-05
3.733899999993184446e-04 7.861280000000192558e-03 3.094000000061214586e-05
4.744699999996271453e-04 7.890650000001641837e-03 3.277999999937719486e-05
4.569299999999998146e-04 8.698169999999550567e-03 2.495000000024560904e-05
4.661400000003368405e-04 7.869930000001090081e-03 2.663999999867883094e-05
4.442099999998561305e-04 8.554669999999476443e-03 5.125000000134604945e-05
5.156200000008936534e-04 7.768080000001731378e-03 3.108999999952288546e-05
4.249300000012112832e-04 7.591100000000494327e-03 4.808999999994512109e-05
4.959599999999397607e-04 6.730019999999115043e-03 2.123999999952275107e-05
4.051400000001592833e-04 6.686059999999827141e-03 2.191999999965332655e-05
3.592699999998672064e-04 6.787229999999766679e-03 2.214000000222426934e-05
3.698799999995117322e-04 7.293749999999476867e-03 3.873999999868260466e-05
4.033700000000806194e-04 1.006850999999926374e-02 2.805999999893060636e-05
4.376200000010044061e-04 8.025549999999270767e-03 2.911000000125340967e-05
4.706200000001104162e-04 6.938639999999907451e-03 2.035999999918658567e-05
3.468499999989660518e-04 6.732790000000221826e-03 2.054999999856477189e-05
3.440099999991730328e-04 6.638180000000204299e-03 2.160999999816226523e-05
3.584599999982174159e-04 6.631699999999796091e-03 2.160000000088757520e-05
3.513900000001512819e-04 8.428559999999408331e-03 2.930000000134214133e-05
4.609000000002083652e-04 1.199249000000008822e-02 3.286000000031208130e-05
4.727400000007264463e-04 8.760010000001016914e-03 3.582000000008633562e-05
5.517799999992690097e-04 8.939059999998022824e-03 2.858000000003357719e-05
4.626099999995858525e-04 8.471489999999448281e-03 2.265000000178929440e-05
3.644900000004724699e-04 6.950229999999635658e-03 2.252000000027010309e-05
3.652300000005936800e-04 6.877699999999009953e-03 2.331999999967138205e-05
3.627999999991970764e-04 6.924130000000161891e-03 2.297999999996136534e-05
3.789500000003443109e-04 8.324400000000054672e-03 2.322000000134494393e-05
3.686199999997086252e-04 7.058019999998776939e-03 2.203000000022825589e-05
3.680199999998023941e-04 7.002290000000499157e-03 2.205999999986829539e-05
4.476500000009764444e-04 7.569450000000444226e-03 2.132999999986395710e-05
3.889000000000919608e-04 7.017930000001370780e-03 2.125000000106069684e-05
3.687399999989793287e-04 8.677759999999779331e-03 2.348000000083061287e-05
3.849999999985698087e-04 6.639029999999479341e-03 2.146000000067260636e-05
3.584500000002321940e-04 6.866719999998593775e-03 2.065000000044392369e-05
3.559299999992049162e-04 7.150620000000174233e-03 2.253999999837219683e-05
4.432900000004735721e-04 7.661879999999144167e-03 2.278999999774100751e-05
3.596700000009889317e-04 6.711109999999109385e-03 2.168999999980769712e-05
3.676100000014059788e-04 6.891519999998508075e-03 2.099999999813917248e-05
3.701600000006521679e-04 7.230739999999258663e-03 2.107000000108883022e-05
3.722600000003239767e-04 7.287099999999924020e-03 2.069000000091136691e-05
3.504200000001844728e-04 6.625669999999672308e-03 2.100000000098134411e-05
3.657900000007430099e-04 6.896969999999669199e-03 2.843999999981861173e-05
4.733099999995715843e-04 6.864470000000011396e-03 2.199000000047135472e-05
3.530599999990613361e-04 6.584200000000350536e-03 2.133000000128504461e-05
3.744500000010475777e-04 6.829619999999892235e-03 2.232999999947082938e-05
3.582999999984792794e-04 7.101600000000729898e-03 2.073000000066826807e-05
3.574800000009759168e-04 6.671289999999885367e-03 2.143000000103256685e-05
3.717500000007589516e-04 7.122890000000126412e-03 2.645000000214281635e-05
4.054100000004723153e-04 6.688790000000466654e-03 2.277000000034945583e-05
3.746700000000657729e-04 6.848339999999808816e-03 2.142000000091570520e-05
3.777299999995875732e-04 6.830309999999428436e-03 2.169999999850347127e-05
3.666000000002611506e-04 7.561649999999531246e-03 2.932999999885055467e-05
3.998700000003907245e-04 7.049129999998626772e-03 2.233000000089191349e-05
3.743100000001220668e-04 7.436310000001356349e-03 2.206999999998515705e-05
3.729899999996177831e-04 7.256830000000746503e-03 2.563000000108672658e-05
3.734299999997858777e-04 7.065359999999997961e-03 2.156999999982645158e-05
3.772200000007330800e-04 7.854730000000387583e-03 2.335000000002196362e-05
3.782300000004567902e-04 8.717249999999409499e-03 2.700000000004365507e-05
4.114100000002452124e-04 7.331119999999202892e-03 2.191000000095755240e-05
3.823900000007540928e-04 7.934780000000075245e-03 2.904999999842061698e-05
7.372300000007214965e-04 8.297569999999865331e-03 3.358999999960588092e-05
5.497499999982835995e-04 8.987530000001697078e-03 2.357999999915705438e-05
4.359700000009070317e-04 9.332619999999991131e-03 2.459000000101241448e-05
3.822200000008990845e-04 7.793680000000335548e-03 2.517000000068492227e-05
4.045800000000099534e-04 7.125129999999302126e-03 2.245000000087315903e-05
3.864400000004763916e-04 8.622649999999509873e-03 2.267000000060193020e-05
3.745399999992571338e-04 7.630549999998947723e-03 2.266000000190615605e-05
7.504600000004302057e-04 9.179949999999336557e-03 2.657999999797766442e-05
3.632500000009031066e-04 8.937460000002773325e-03 2.677999999818325773e-05
3.866200000011588036e-04 7.476489999999813216e-03 2.236000000053195300e-05
3.903299999990394900e-04 7.421250000000867257e-03 2.286000000140120392e-05
3.815600000002916767e-04 8.731119999998782424e-03 5.960999999885529952e-05
5.316399999998111308e-04 8.565639999999064350e-03 2.357999999986759644e-05
3.835500000015201858e-04 7.030959999999452856e-03 2.624000000110981933e-05
4.211800000014420458e-04 7.074539999999985077e-03 2.210999999974205821e-05
3.742900000013093869e-04 7.718350000000384799e-03 2.561999999954878081e-05
4.147099999990188973e-04 7.246889999998273706e-03 3.081999999920981281e-05
3.708199999998385119e-04 9.469039999998329210e-03 2.377000000066687016e-05
5.197100000010834936e-04 9.094169999999479961e-03 2.328999999932079710e-05
