1.149999999999999577e-06 2.101000000000000044e-05 1.660000000000024129e-06
5.099999999999972347e-06 1.115699999999999364e-04 5.123000000000002281e-05
4.529999999999854984e-06 1.036599999999999935e-04 3.528999999999984677e-05
5.810000000000016371e-06 1.406200000000003172e-04 3.363000000000011678e-05
6.130000000000024318e-06 9.222999999999982677e-05 3.743000000000010072e-05
7.530000000000209967e-06 1.614100000000002046e-04 2.377000000000021457e-05
4.749999999999893535e-06 1.457399999999999429e-04 1.980000000000020006e-05
8.899999999999880907e-06 1.039399999999997672e-04 1.812999999999988232e-05
5.269999999999753878e-06 7.785000000000014402e-05 1.803999999999954945e-05
6.379999999999754262e-06 1.270099999999998021e-04 1.838000000000013234e-05
6.600000000000008807e-06 1.262300000000000976e-04 2.521000000000016351e-05
1.269999999999917029e-05 1.413299999999995701e-04 2.249000000000000998e-05
8.609999999999868437e-06 1.405100000000002929e-04 1.811999999999994171e-05
8.929999999999702743e-06 1.570499999999998872e-04 1.620000000000024131e-05
7.369999999999946378e-06 1.091600000000001543e-04 3.160999999999962451e-05
1.942000000000020031e-05 4.453000000000001987e-04 3.730999999999942425e-05
2.458999999999933597e-05 2.086000000000004626e-04 1.635999999999998566e-05
9.680000000001492966e-06 1.807499999999989725e-04 1.290999999999931058e-05
8.420000000000649526e-06 1.685000000000005992e-04 1.137999999999972333e-05
7.609999999998173781e-06 1.413400000000002155e-04 1.131000000000048633e-05
7.769999999999998452e-06 1.407100000000008398e-04 1.130000000000089300e-05
4.491000000000147923e-05 2.783699999999985969e-04 1.934999999999923028e-05
2.064999999999844873e-05 3.077899999999987590e-04 1.635000000000039064e-05
1.855999999999871777e-05 2.571299999999984817e-04 1.623999999999930919e-05
1.957000000000000406e-05 2.689299999999984975e-04 1.534999999999939055e-05
1.862000000000183089e-05 2.479099999999990816e-04 1.575999999999869037e-05
2.045000000000102224e-05 3.287900000000010042e-04 1.762999999999972787e-05
2.178000000000110268e-05 2.587199999999997726e-04 1.587000000000116096e-05
2.313000000000175891e-05 2.487400000000014708e-04 1.125000000000014809e-05
1.148999999999872278e-05 2.802200000000018673e-04 1.625999999999988498e-05
2.442999999999889704e-05 3.435799999999988755e-04 1.576000000000215981e-05
1.143999999999728500e-05 3.665000000000015359e-04 1.795999999999881160e-05
2.694999999999919818e-05 3.797000000000008810e-04 1.831000000000193719e-05
3.072000000000074942e-05 2.947700000000025192e-04 1.177999999999734781e-05
1.328999999999913584e-05 2.530400000000015753e-04 1.117000000000201233e-05
1.235999999999876019e-05 2.936300000000016458e-04 1.597999999999877296e-05
3.529999999999783582e-05 4.820199999999996709e-04 1.644999999999841102e-05
2.793999999999713379e-05 3.105700000000016564e-04 1.597000000000126164e-05
2.788999999999847089e-05 3.402299999999969238e-04 1.586999999999977182e-05
3.093999999999874493e-05 3.158599999999983751e-04 1.183000000000017303e-05
1.491000000000269819e-05 2.764799999999983829e-04 1.164000000000164869e-05
1.659999999999994949e-05 5.125899999999988582e-04 1.738999999999629799e-05
3.327000000000052002e-05 4.181100000000034897e-04 1.600999999999963496e-05
3.177000000000040902e-05 4.121100000000030186e-04 1.603000000000576051e-05
3.619999999999179294e-05 5.356099999999947448e-04 1.603999999999772207e-05
3.516000000000074757e-05 4.982800000000037199e-04 1.600999999999963496e-05
3.632000000000912548e-05 3.830399999999956279e-04 1.351999999999742263e-05
1.953999999999844750e-05 3.573400000000004242e-04 1.140999999999225899e-05
1.899000000000205943e-05 5.064200000000018903e-04 1.606999999999580918e-05
3.623999999998461650e-05 4.500600000000021250e-04 1.580999999999943697e-05
3.681000000000378278e-05 5.105100000000028625e-04 1.560999999999923560e-05
1.707999999999709886e-05 4.028300000000040290e-04 1.614999999999810896e-05
3.841000000000538699e-05 5.297499999999983212e-04 1.570000000000459984e-05
3.826999999999858157e-05 5.021999999999971365e-04 1.556999999999808402e-05
3.811999999998871846e-05 4.584900000000003079e-04 1.689000000000551172e-05
4.310999999999343271e-05 5.509100000000016761e-04 1.571999999999962249e-05
4.125000000000378093e-05 5.585900000000005184e-04 1.163999999999887381e-05
2.180999999999433460e-05 4.254199999999985662e-04 1.108000000000219954e-05
2.071999999999629829e-05 5.480899999999982574e-04 1.561000000000201048e-05
4.332000000000224831e-05 8.065700000000064485e-04 2.921000000000450946e-05
7.268000000000273970e-05 8.318800000000015288e-04 2.037999999999484804e-05
4.327000000000358202e-05 8.222499999999965947e-04 1.620000000000232501e-05
2.455000000000095927e-05 6.081000000000003070e-04 1.630000000000520057e-05
2.857000000000276053e-05 7.711600000000013106e-04 1.572999999999991208e-05
4.552000000000167159e-05 6.061099999999958621e-04 1.529999999999032270e-05
4.525999999999696797e-05 6.260099999999824139e-04 1.666999999999640991e-05
5.305999999998811803e-05 6.508700000000033686e-04 1.537999999999817223e-05
4.625000000000323161e-05 5.972899999999892618e-04 1.532000000001310092e-05
4.797000000001383355e-05 6.393399999999993099e-04 1.535000000000841315e-05
5.067000000000265736e-05 7.081600000000021645e-04 1.625000000000653767e-05
5.233000000000042902e-05 5.610399999999904136e-04 1.123999999999014642e-05
2.505999999999342087e-05 5.677699999999896935e-04 1.145000000000728836e-05
2.587000000000561208e-05 4.914500000000043833e-04 1.574000000000297316e-05
5.872999999998462648e-05 7.501800000000058855e-04 1.583999999999474582e-05
5.269999999999441662e-05 4.634499999999930234e-04 1.162000000000662435e-05
2.687000000000661217e-05 5.828200000000116621e-04 1.569000000000153537e-05
5.459000000000435455e-05 7.201500000000137913e-04 1.607000000000691209e-05
5.460999999998827767e-05 4.329100000000085657e-04 1.151999999999819903e-05
5.822999999999245446e-05 7.674000000000014143e-04 1.130000000000297501e-05
2.612999999999643453e-05 4.599499999999922878e-04 1.106999999999636019e-05
2.784000000000674688e-05 6.417499999999964899e-04 1.539999999999874802e-05
2.811999999998704560e-05 7.499499999999936989e-04 1.347999999999349786e-05
3.514000000000016839e-05 7.801200000000119584e-04 1.400999999999208502e-05
3.425999999999151675e-05 8.565200000000217301e-04 1.583999999999474582e-05
6.034000000000872270e-05 8.439300000000149677e-04 1.561999999999952180e-05
5.855000000000165356e-05 7.449800000000061928e-04 1.557000000000363716e-05
6.373000000000073322e-05 6.615799999999894205e-04 1.135999999999914923e-05
3.139999999999809339e-05 7.846300000000083763e-04 1.550999999999636003e-05
6.446999999999425141e-05 9.237999999999857003e-04 1.623000000000596188e-05
6.465000000000498668e-05 1.154090000000002145e-03 1.950000000000562395e-05
6.984999999999908220e-05 1.142579999999998510e-03 1.688999999999163393e-05
5.650999999999850858e-05 9.679700000000069022e-04 1.749000000000333757e-05
6.946999999999370888e-05 8.622499999999921460e-04 2.013999999999627335e-05
6.461999999999856476e-05 8.249399999999962318e-04 1.131999999999244789e-05
3.172000000000174951e-05 5.678400000000083598e-04 1.124000000000124933e-05
4.365000000000063409e-05 6.190100000000031688e-04 1.245000000000273699e-05
3.340000000000009357e-05 8.377700000000043879e-04 1.548999999999578424e-05
3.361000000001723720e-05 8.946200000000126273e-04 1.551999999996889066e-05
4.991000000001965950e-05 6.053099999999922648e-04 1.106000000001827811e-05
3.577000000000163111e-05 1.038969999999983474e-03 1.565999999999512362e-05
7.128000000000689340e-05 9.619899999999792072e-04 1.558999999999865981e-05
