8.240000000037106065e-07 3.205600000000918798e-05 1.567999999998459523e-06
1.399000000004146935e-06 2.669199999999705020e-05 1.910400000001199946e-05
1.687999999993028470e-06 4.877099999999412271e-05 1.606400000001118153e-05
2.092000000000204604e-06 4.183200000001052553e-05 2.006200000000735092e-05
2.638999999997615662e-06 4.137399999998736289e-05 1.501500000000488508e-05
3.191000000002386541e-06 6.741699999999405904e-05 1.302699999998768664e-05
2.821000000015061273e-06 5.063999999997959294e-05 1.275100000000417627e-05
2.942999999995254950e-06 4.837800000000669153e-05 1.022100000000358894e-05
3.793000000007484744e-06 1.232030000000028250e-04 2.192999999998557174e-05
1.024499999999539654e-05 1.043710000000008749e-04 1.471400000000233619e-05
5.332000000004555284e-06 9.189499999999517553e-05 1.286999999999593977e-05
5.186999999997610155e-06 1.164289999999978920e-04 1.605199999998641169e-05
7.699999999999374012e-06 1.685680000000044888e-04 1.368599999999942139e-05
5.930999999999020457e-06 8.005299999999104256e-05 1.075200000000498027e-05
5.633999999987704230e-06 9.866900000000899896e-05 1.049699999999598129e-05
5.714999999990588957e-06 9.933900000000050697e-05 1.049299999999142565e-05
5.965000000007769473e-06 1.011749999999933520e-04 1.053999999999222158e-05
6.500000000000394317e-06 1.210990000000022909e-04 1.044300000001108237e-05
7.737999999974932343e-06 1.723859999999999314e-04 1.057800000000108694e-05
7.513000000005653841e-06 2.019090000000200926e-04 1.289599999999557834e-05
1.503399999998267179e-05 1.317730000000016943e-04 1.115899999999836460e-05
1.411200000000389947e-05 1.904389999999955927e-04 1.060499999999686693e-05
8.373000000008179930e-06 1.597750000000019998e-04 1.033599999998857587e-05
8.918999999989463405e-06 1.971770000000061659e-04 1.026399999999760830e-05
9.529000000003674166e-06 1.936890000000080045e-04 1.055000000000694292e-05
9.671000000004425988e-06 1.947860000000156818e-04 1.090600000000607689e-05
9.810000000005647265e-06 1.828059999999997944e-04 1.097100000000406118e-05
1.034899999999616669e-05 2.006199999999913673e-04 1.077600000000344894e-05
1.054300000000507595e-05 2.120029999999983969e-04 1.058899999999862756e-05
1.153200000001186596e-05 2.204460000000007960e-04 1.046500000000616361e-05
1.220299999999952046e-05 3.832610000000036070e-04 1.703400000000021672e-05
1.751000000000946312e-05 2.365800000000106674e-04 1.031700000001523099e-05
1.196100000000921352e-05 2.548310000000020194e-04 1.034600000000551813e-05
1.134199999998974836e-05 1.923450000000070904e-04 1.061699999999943265e-05
1.224500000000183856e-05 2.243379999999994909e-04 1.053399999999760063e-05
1.279900000000555546e-05 2.334560000000096450e-04 1.025600000000181915e-05
1.311299999999793119e-05 2.586780000000077307e-04 1.069399999996001286e-05
1.368999999998177291e-05 2.659180000000382969e-04 1.056699999998578235e-05
1.460900000000098279e-05 3.429330000000207807e-04 1.446000000000058323e-05
1.828599999998736642e-05 3.147510000000064466e-04 9.972000000004755651e-06
1.446399999998515567e-05 3.026129999999849001e-04 1.044699999998677283e-05
1.546499999998562940e-05 2.926840000000341304e-04 1.083400000002843146e-05
1.487500000000530146e-05 2.618399999999976150e-04 1.060399999999628368e-05
1.500000000000056789e-05 2.631830000000068347e-04 1.059100000000423591e-05
1.715199999998695681e-05 3.474600000000149726e-04 1.061499999996495741e-05
1.682200000001632322e-05 3.453060000000185165e-04 1.091499999997136488e-05
1.650999999998070745e-05 2.954699999999865984e-04 1.031000000001114311e-05
1.769600000000260003e-05 4.066679999999411855e-04 1.268399999999392256e-05
1.892400000000016305e-05 4.442110000000098861e-04 1.126000000002846939e-05
2.288600000001306202e-05 4.172440000000143573e-04 1.132599999999595082e-05
1.847200000002935342e-05 3.676709999999871765e-04 1.151299999999189022e-05
1.990500000002004419e-05 5.181219999999919605e-04 1.071599999998618021e-05
1.754400000000266993e-05 3.425899999999648562e-04 1.007800000000447308e-05
2.006499999999799947e-05 3.733660000000193829e-04 1.058199999997455647e-05
2.645300000000183534e-05 3.203150000000043354e-04 1.015700000000396868e-05
1.989900000001210281e-05 4.029600000000410414e-04 1.401500000003608240e-05
2.628899999997713540e-05 4.961259999999966929e-04 1.198800000000055336e-05
2.304900000003495778e-05 4.628190000000165357e-04 1.507799999999726101e-05
2.950600000004577204e-05 5.468629999999841422e-04 1.604800000001738061e-05
3.105399999995484076e-05 4.575459999999998101e-04 1.327200000001305039e-05
2.556500000001626983e-05 5.591259999999831538e-04 1.773399999999813987e-05
2.513799999999566544e-05 5.368409999999946116e-04 1.051399999997038058e-05
2.346600000001419827e-05 4.966890000000034975e-04 1.062099999999954815e-05
3.267099999998190679e-05 5.469179999999918386e-04 1.285300000001043927e-05
3.142599999999884158e-05 6.141049999999914242e-04 1.373400000001190349e-05
2.970400000001927054e-05 5.493250000000182449e-04 1.697699999999357975e-05
5.517000000001992424e-05 5.529060000000374404e-04 1.068300000001354325e-05
2.488599999998619531e-05 6.044389999999966569e-04 1.571799999999345848e-05
2.723900000001222566e-05 5.903629999999892653e-04 1.247299999997064591e-05
2.535499999999135722e-05 5.590180000000088837e-04 1.933999999997215751e-05
3.456299999994527584e-05 5.758790000000191429e-04 1.107900000000494682e-05
5.187999999997305552e-05 7.134439999999786768e-04 1.171299999997987907e-05
2.771899999999049975e-05 6.654739999999881740e-04 1.074599999999037443e-05
3.530899999999892621e-05 7.565190000000088753e-04 1.301100000002275430e-05
3.177800000001784834e-05 7.305979999999889958e-04 4.693499999998351714e-05
1.047170000000274782e-04 9.796780000000549632e-04 1.762400000003161397e-05
3.385900000003161354e-05 6.608270000000438090e-04 2.157399999992648477e-05
7.813799999995652652e-05 7.665000000000077350e-04 1.314100000000983919e-05
3.341799999997618572e-05 5.910390000000109679e-04 1.060899999997921845e-05
3.076700000000265496e-05 5.897550000000517916e-04 1.094999999999402014e-05
2.922799999996783513e-05 5.804300000000317105e-04 1.161399999997314662e-05
3.483800000005032817e-05 6.347850000000310232e-04 1.078699999999877034e-05
2.863999999998867370e-05 5.395060000000384158e-04 1.036500000000550897e-05
3.121499999999776905e-05 6.781209999999493216e-04 1.017700000002896782e-05
2.976500000002602132e-05 5.999030000000349578e-04 1.129200000005603425e-05
4.256900000000562957e-05 7.346590000001018347e-04 1.114599999999299471e-05
3.747000000003275515e-05 7.266789999999545037e-04 1.333000000003359276e-05
3.331200000001644147e-05 6.124700000000249866e-04 1.088999999999451538e-05
3.380899999999798173e-05 7.133319999999354968e-04 1.092300000012258458e-05
3.330299999993791194e-05 6.104249999999477932e-04 1.126300000004576391e-05
3.213100000002633375e-05 6.344679999999591367e-04 1.531000000002613685e-05
3.933100000002021362e-05 8.298460000000407351e-04 1.958000000011672680e-05
3.406900000000767946e-05 5.967210000000112025e-04 1.516899999996823621e-05
4.334799999998751035e-05 8.487379999999689149e-04 1.740500000000366618e-05
4.974199999997708178e-05 7.246839999999644000e-04 1.104399999996452589e-05
3.486499999999281623e-05 7.176899999999353762e-04 1.119699999999390614e-05
3.639199999999398255e-05 7.251690000000543274e-04 1.121899999994013729e-05
3.641700000003744611e-05 7.341079999999689095e-04 1.099899999998044122e-05
3.815099999997961815e-05 8.499350000000749318e-04 1.990400000003056554e-05
7.918099999996819187e-05 9.527199999999336460e-04 1.697899999999030781e-05
7.373399999998752740e-05 8.131289999999680163e-04 1.567000000002316540e-05
