4.900000021734740162e-07 7.074000002376124301e-05 3.510000010464864487e-06
5.419999990863289155e-06 9.974999996984479909e-05 4.394999999703941420e-05
3.470000012839591194e-06 1.322699999946053140e-04 2.755999998953484397e-05
2.289999986260226991e-06 1.415499999779967657e-04 1.553999999259758624e-05
2.310000013494573068e-06 5.489999998644634751e-05 1.413999999613224611e-05
2.490000019861327103e-06 5.438000000594911669e-05 1.393999999663719825e-05
3.249999997478880771e-06 6.768999999167135955e-05 1.387000000931948273e-05
3.200000014658144294e-06 7.920000000467552765e-05 1.750000000129148315e-05
4.990000002180750355e-06 9.940999999571431003e-05 1.908999998931903839e-05
5.210000017541460354e-06 1.249700000016673584e-04 1.599999998234124952e-05
7.950000008349888280e-06 1.430799999866394501e-04 2.367000000731422983e-05
5.789999988792260410e-06 1.400400000079571436e-04 1.600999996753671439e-05
5.829999986417533703e-06 2.083000000084211825e-04 1.838000001725959077e-05
4.700000022239691874e-06 6.627999998727318327e-05 1.418999999032166738e-05
5.289999990054639056e-06 8.698000000322281538e-05 1.061000001527645441e-05
6.189999976413673891e-06 1.161800000090806834e-04 1.055000000178552068e-05
5.710000004910398613e-06 8.483999998816215977e-05 1.055999999834966696e-05
6.749999988642229825e-06 1.229900000112138622e-04 1.069999997298509630e-05
7.349999964390008075e-06 1.374199999986558287e-04 9.499999976014805725e-06
7.049999976516119374e-06 1.442199999701188171e-04 9.489999968081974657e-06
7.229999994251556927e-06 2.230800000006638692e-04 1.271999999516992864e-05
1.621000001250649802e-05 2.038500000253406998e-04 1.045999998723345993e-05
8.259999992787924955e-06 1.640599999859659766e-04 9.889999978440755174e-06
7.500000003801688192e-06 1.222200000029261045e-04 9.990000000925646989e-06
8.239999988290947608e-06 1.488799999833645415e-04 9.840000006988703485e-06
8.049999996728729118e-06 1.311400000304274781e-04 9.840000006988703485e-06
9.140000008756032573e-06 1.656600000046637325e-04 9.810000005927576471e-06
9.110000007694907254e-06 1.656800000091607217e-04 9.760000023106839994e-06
9.819999991123041350e-06 2.014600000052268970e-04 2.413000000842657620e-05
1.137999997808947296e-05 1.815999999962514212e-04 1.005999999961204560e-05
9.720000002744200513e-06 1.573899999812056086e-04 9.850000014921534553e-06
1.545000000078289168e-05 2.509500000087427907e-04 1.029999997399500057e-05
9.939999995367542629e-06 1.387300000146751591e-04 9.780000004866451152e-06
1.106999999365143628e-05 1.902700000073309747e-04 9.620000014365359675e-06
1.248000000941829057e-05 2.580499999908170356e-04 9.730000022045714675e-06
1.178999998501239975e-05 2.106300000264127448e-04 9.669999985817413058e-06
1.334000000952073606e-05 2.446299999974144157e-04 1.028999998879953569e-05
1.170999998976185486e-05 1.944399999956658630e-04 9.980000015730183804e-06
1.307999999653475277e-05 1.841999999783183739e-04 1.014999999142673847e-05
1.260000001366279355e-05 2.096100000244405129e-04 9.999999997489794962e-06
1.283000001421896673e-05 2.181899999868619597e-04 1.019000002315806274e-05
1.833000000033280162e-05 3.077499999903920980e-04 1.225000003159948358e-05
1.575000001139414827e-05 3.347299999859387537e-04 1.052000002346176155e-05
1.831999999239997056e-05 2.883999999767184017e-04 1.351000004206070958e-05
1.512000001184787766e-05 2.981399999953282423e-04 9.790000012799282219e-06
1.397999999426247154e-05 2.340499999718303917e-04 1.353999998627841773e-05
1.541999999972176806e-05 2.974199999925985940e-04 9.829999976318504534e-06
1.581000000214771581e-05 3.325999999674422833e-04 9.949999991931690602e-06
1.704000000017913340e-05 3.645100000198908457e-04 1.168999995115882484e-05
1.614999998764687781e-05 3.582599999731428506e-04 1.032000000122934580e-05
2.037000000427724512e-05 3.247700000088116321e-04 9.859999977379629854e-06
2.153000000362226409e-05 3.695100000186357864e-04 1.110999999127670957e-05
1.624000003630499123e-05 2.774500000214174871e-04 1.005000000304789932e-05
1.657999998769810055e-05 2.805100000045967828e-04 9.999999997489794962e-06
1.783999999815932824e-05 3.456999999912113491e-04 9.980000004361500710e-06
1.901999999063263977e-05 3.877999999986059265e-04 1.020000001972221071e-05
1.852000001463238800e-05 3.859799999986534896e-04 9.999999986121110173e-06
2.081000000089261584e-05 4.533399999672838129e-04 1.387000003205685061e-05
2.637999998569284934e-05 4.909800000177710682e-04 1.201999998556857463e-05
2.179999997906634099e-05 3.566699999964839446e-04 1.869000000169762575e-05
2.587000000175976311e-05 4.100499999935891321e-04 9.890000012546806151e-06
2.451999997674647467e-05 4.003200000283868684e-04 1.046000000997082612e-05
2.127000000200496220e-05 4.054999999880237846e-04 1.007000000754487667e-05
1.992999999629319131e-05 3.773699999896962037e-04 1.016000002209693742e-05
1.985999998623810960e-05 3.350200000227232522e-04 1.008999997793580473e-05
1.995000000079017035e-05 3.241800000296279688e-04 1.002999998718223719e-05
2.043000000639949576e-05 3.415700000232391393e-04 1.004000001785243444e-05
2.227000001084888800e-05 4.581400000006396805e-04 1.518999999916559318e-05
2.861000000393687582e-05 4.928100000142876091e-04 1.195999997207763920e-05
2.746999998635146631e-05 5.151800000021466769e-04 1.076999999440886279e-05
2.427999997962615520e-05 4.409300000020266669e-04 1.022000001285050496e-05
2.551000000039493898e-05 7.389999999872998377e-04 1.343000000133542892e-05
3.750000001900843927e-05 6.037900000023909818e-04 1.175000001012449434e-05
2.498000000059619061e-05 4.999699999984841487e-04 1.131000000214044053e-05
2.413000000842657620e-05 4.219699999907788879e-04 1.014999995732068749e-05
2.405000000180734652e-05 4.426500000136002308e-04 1.044999997930062886e-05
2.514000000246596688e-05 5.089500000394764356e-04 1.100000001770240555e-05
2.467999998998493403e-05 4.468900000119902178e-04 1.016000002209693742e-05
2.580999998826882937e-05 4.898000000139290499e-04 1.029999998536368366e-05
2.698999999211082400e-05 5.154099999913341890e-04 2.488999997467544677e-05
2.563999998983490514e-05 4.688600000008591559e-04 1.023999999461011612e-05
3.193999999666630445e-05 5.956900000114728755e-04 1.076000002058208270e-05
2.770999999484047226e-05 5.675099999848498122e-04 1.087999999072053470e-05
2.797999999302191874e-05 5.622800000082861949e-04 1.034999996818442014e-05
2.802999998721134170e-05 5.477700000142248903e-04 1.034999999092178802e-05
2.829999999676147127e-05 6.091699999842603358e-04 1.184999999850333518e-05
3.189999999904102608e-05 5.651400000033391258e-04 1.070000001845983206e-05
3.248000000439787711e-05 5.283899999994901009e-04 1.027999999223538941e-05
3.134000000954983718e-05 6.219199999918601169e-04 1.019000001178937964e-05
3.004999997529011967e-05 5.346499999973275625e-04 1.011999996762824526e-05
3.184000000828745853e-05 5.084500000180014684e-04 2.315999998927509431e-05
4.069000002573375376e-05 6.436000000007880296e-04 1.075000002401793642e-05
3.059999999095452678e-05 5.662300000039977022e-04 1.022999997530860196e-05
3.024999997478516753e-05 8.472199999914664442e-04 1.811000000770945781e-05
7.722000001422201789e-05 8.981799999901341359e-04 1.067999997985680204e-05
3.146999999898980333e-05 9.334999999850879682e-04 1.479999998537095894e-05
6.389000001263411290e-05 8.629199999973024898e-04 1.482000000123662108e-05
6.733000001304389483e-05 9.355299999810994926e-04 1.069999998435378109e-05
3.879999997025151970e-05 9.287499999913962018e-04 1.589000000876694549e-05
7.181000000855419785e-05 9.384699999941403803e-04 1.482000000123662108e-05
6.918999998788422361e-05 9.084600000051068491e-04 1.080000000683867290e-05
4.496000000244748798e-05 6.513000000154534064e-04 1.085000000102809247e-05
3.442000000859479498e-05 6.845900000030269873e-04 1.051999997798702747e-05
3.218999999035077189e-05 5.671299999789880530e-04 1.034999999092178802e-05
3.246000001126958794e-05 6.483600000137812458e-04 1.311000000896456118e-05
4.271999999900799323e-05 7.739099999980681094e-04 1.048999997692590046e-05
3.413000001728505595e-05 6.987699999967845067e-04 1.040000000784857548e-05
3.694000000677988418e-05 6.025700000009237122e-04 1.043999999410516398e-05
3.432000000884727613e-05 8.649200000036217023e-04 1.643000000512984183e-05
4.976000001306601645e-05 7.614099999841527754e-04 1.280000002452652620e-05
4.050999999662963227e-05 7.777699999905962830e-04 1.520999999229388743e-05
5.079999998542916457e-05 9.240900000008877690e-04 1.216000000567873974e-05
4.018000000769461486e-05 7.034900000007837445e-04 1.083000001926848131e-05
3.596999999899708200e-05 6.508000000053470579e-04 1.049999997349004843e-05
3.710000000864965706e-05 7.358799999906296286e-04 1.163999997970677146e-05
3.983999999945808668e-05 6.465100000013990428e-04 1.042999999754101770e-05
3.638999997974678719e-05 6.517300000155046291e-04 1.051999998935571057e-05
3.772999998545856486e-05 8.449600000062674077e-04 8.403999997881328183e-05
3.953999998884683009e-05 7.477499999822611937e-04 1.035000000229047112e-05
6.113999999115548602e-05 7.758700000294993081e-04 1.143999996884304050e-05
4.338000002235276042e-05 7.407800000123643692e-04 1.047000001790365719e-05
5.192999999508174640e-05 7.519699999988915372e-04 1.105999996298123733e-05
3.859999999349384141e-05 6.865800000014132603e-04 1.034000002846369103e-05
4.353000000492102253e-05 7.978300000104354694e-04 1.065000002427041249e-05
3.933000000415632074e-05 7.203300000014678300e-04 1.050999999279156259e-05
3.951999999571853415e-05 7.386400000086723594e-04 1.068999998778963311e-05
4.838999996081838617e-05 8.309999999823958422e-04 1.054999997904815279e-05
4.361999998536703060e-05 7.742500000176733444e-04 1.057999999147796121e-05
4.088000000592728747e-05 7.582700000398290502e-04 1.050000000759609941e-05
4.146999999647960338e-05 8.523300000092603806e-04 1.065000000153304461e-05
4.388999998354848047e-05 7.296999999994113967e-04 1.080000000683867290e-05
4.613999999492079951e-05 8.471999999983381279e-04 1.091999999971449108e-05
4.357999997637307252e-05 7.717899999875044159e-04 1.068000003670022091e-05
4.737999998951636507e-05 9.105299999987437332e-04 1.076999999440886279e-05
5.029000002423345130e-05 1.011920000007648967e-03 1.290000002427405013e-05
5.606000003126610225e-05 1.011589999984607944e-03 1.171999999769468593e-05
1.254700000004049798e-04 9.496999999896616352e-04 1.158000002305925659e-05
5.300000000261206743e-05 9.456200000158787805e-04 1.109999999471256160e-05
5.182000001013875590e-05 8.926600000222606034e-04 1.068000000259416993e-05
4.788999998481813101e-05 9.738800000036462734e-04 1.323999997566716115e-05
5.575000001272201460e-05 8.637300000145841988e-04 1.093999999284278534e-05
4.977000002099884752e-05 9.564699999941694408e-04 1.111999999920954064e-05
4.800999997769395258e-05 8.309000000281229880e-04 1.063999995949416256e-05
5.548999997699866342e-05 9.268000000133725259e-04 1.072000000021944322e-05
6.308000001808977686e-05 9.348200000090401297e-04 1.060000004144967601e-05
5.621999998766114275e-05 8.915799999954287852e-04 1.063999997086284566e-05
5.008999999063234738e-05 9.297000000060507080e-04 1.071000001502398004e-05
5.113000000847023465e-05 1.014040000006843825e-03 1.335000001745356712e-05
5.395000000589789395e-05 9.803199999964817835e-04 1.080999999203413608e-05
4.977000000963016782e-05 9.700199999997493727e-04 1.138000001219552393e-05
5.556999999498657281e-05 9.859099999857789520e-04 1.075000002401793642e-05
7.388000000219108188e-05 1.040820000002895497e-03 1.129999998283892637e-05
5.588999999872612534e-05 1.020209999978760607e-03 1.516000003221051884e-05
8.182999999917228706e-05 1.169119999997292369e-03 2.392999999756284524e-05
7.808000002569314986e-05 1.158480000003692069e-03 1.244999997425111428e-05
5.772000000661137300e-05 1.349440000001322871e-03 1.365999997915423592e-05
9.690999996792015736e-05 1.551340000003165230e-03 1.819000002569737398e-05
7.933999999067963839e-05 1.734030000000075147e-03 1.787000002195782145e-05
1.218299999777627872e-04 1.878969999972923775e-03 3.503999998883955142e-05
8.233000000927859490e-05 1.641680000011547149e-03 1.931999997850653017e-05
7.312999998703162690e-05 1.254959999994298457e-03 1.285999996980535798e-05
6.257000001141932444e-05 1.431920000015907135e-03 2.450000002909291788e-05
7.624000000987507790e-05 1.636249999990013748e-03 1.639999999270003173e-05
6.860999998252737258e-05 1.241829999980836917e-03 1.596999998128012589e-05
5.933999999570005186e-05 1.378500000009808078e-03 1.229000000648738899e-05
6.134999999858336834e-05 1.294020000000273328e-03 1.877000001968553853e-05
7.404000002679822772e-05 1.271250000002055458e-03 2.155999998194602153e-05
7.995000001983498263e-05 1.137380000022858353e-03 1.127000000451516893e-05
9.130999999342747655e-05 1.090259999989484554e-03 1.237000001310661867e-05
6.173000001581385461e-05 1.091700000006312577e-03 1.122999997278384466e-05
6.196000001637002610e-05 1.142079999988254799e-03 1.470999997081889820e-05
6.356000000096173608e-05 1.193069999987983422e-03 1.120999999102423351e-05
5.938999998988947482e-05 1.080130000013923650e-03 1.109999997197519372e-05
5.890999999564882912e-05 1.049999999986539565e-03 1.089999998384882895e-05
5.920999999489140600e-05 1.040300000011029668e-03 1.081000000340281918e-05
6.307999999535240389e-05 1.059099999997670152e-03 1.097999999046805863e-05
6.201999999575492071e-05 1.263530000005630384e-03 1.260000000229410876e-05
7.658000001811159931e-05 1.367390000007162685e-03 1.207000001386404687e-05
6.467000000611732870e-05 1.162239999996472805e-03 1.155999998445622657e-05
6.207000001268170308e-05 1.352519999977630592e-03 1.194999998688217602e-05
6.837000001951310240e-05 1.212249999991854609e-03 1.163000000587999306e-05
7.065000000920918226e-05 1.334849999989273827e-03 1.172999997152146602e-05
6.240000001298540698e-05 1.193229999989853154e-03 1.100999999152918395e-05
6.905999998707557097e-05 1.146899999980632856e-03 1.230000001442022006e-05
6.515999999692211899e-05 1.275759999998626881e-03 1.112999999577368692e-05
6.693000000268511940e-05 1.216680000027281494e-03 1.131000002487780842e-05
6.780000001072039595e-05 1.237759999992249548e-03 1.141999999845211244e-05
6.673999999975421273e-05 1.197379999996428480e-03 1.103999995848425829e-05
6.434999997964040998e-05 1.176580000003468783e-03 1.111999998784085585e-05
9.299999999257124728e-05 1.257290000023658693e-03 1.155999998445622657e-05
6.341000001839348075e-05 1.150659999996150830e-03 1.096000003144581535e-05
7.534999999734282570e-05 1.316449999990254582e-03 1.174999994191239239e-05
6.391000000576241562e-05 1.147630000014032790e-03 1.102999998465747989e-05
6.789999996499318242e-05 1.163239999971210593e-03 1.449999998612838715e-05
6.601000000046041989e-05 1.258749999988140232e-03 1.143999996884304050e-05
6.538999999747830403e-05 1.147419999983867412e-03 1.096999999390391235e-05
7.288000001608452565e-05 1.230679999991934892e-03 1.164999998763960253e-05
7.044000002451867291e-05 1.557660000025862333e-03 1.324000003251058001e-05
6.650000000263389666e-05 1.170220000005883776e-03 1.144000000294909148e-05
1.104800000121031244e-04 1.313220000020009961e-03 1.307999997379738488e-05
6.600000001526496179e-05 1.239409999993768040e-03 1.210000000355648740e-05
7.617999998501545091e-05 1.351179999994656187e-03 1.190000000406143954e-05
6.890000000794315751e-05 1.328889999990679003e-03 1.151999998683095328e-05
7.279999999809660949e-05 1.333990000000540108e-03 1.317999998491359360e-05
6.770000003371023651e-05 1.202169999999114225e-03 1.155999996171885869e-05
9.790000001430598786e-05 1.256079999996018073e-03 1.139999997121776721e-05
7.332000001269989298e-05 1.356750000013562385e-03 1.139999998258645030e-05
7.098000000951287260e-05 1.306980000015300816e-03 1.180999997814069570e-05
7.428000001254985731e-05 1.334459999998216474e-03 1.146999998127284892e-05
7.264999998142229471e-05 1.351420000003145149e-03 1.530999996930404518e-05
7.061999999677937554e-05 1.278439999998681655e-03 1.143000000638494351e-05
7.390999999188352918e-05 1.269080000008671136e-03 1.171999998632600114e-05
7.216999999855033549e-05 1.296220000006087416e-03 1.154999997652339550e-05
7.157000000006519529e-05 1.287390000004506830e-03 1.169999998182902379e-05
7.122000000663320223e-05 1.240390000009483585e-03 1.173000001699620009e-05
7.451999999830150045e-05 1.397160000010444492e-03 1.153999999132793232e-05
7.571999999527179441e-05 1.858379999998760511e-03 1.302999997960796531e-05
7.327000000714178353e-05 1.297579999970821518e-03 1.202999999350140570e-05
7.188999999243605456e-05 1.235050000002502245e-03 1.157999997758452082e-05
8.565000002818124174e-05 1.285789999997177802e-03 1.156999999238905764e-05
7.246000003533482046e-05 1.259150000009867654e-03 1.162000000931584509e-05
7.924000000230080603e-05 1.472879999994347600e-03 1.205000002073575093e-05
7.616000001462453471e-05 1.515580000022964582e-03 1.210999997738326749e-05
7.887000001574051024e-05 1.513470000020333828e-03 1.543999997011269443e-05
7.420000000593062763e-05 1.582419999999729130e-03 1.317000001108681351e-05
7.878999998638392115e-05 1.493179999988569675e-03 1.248999998324507066e-05
7.835000000113722675e-05 1.627059999987068338e-03 1.446999998506726183e-05
8.311000000276181070e-05 1.867340000012518517e-03 1.433999998425861088e-05
8.543000002418921484e-05 1.803250000011757904e-03 1.422999998794693898e-05
8.820000000469008499e-05 1.947960000006787639e-03 3.788000001350155934e-05
1.136499999915940835e-04 1.753979999989496719e-03 1.787999998441591675e-05
8.869999996932164689e-05 1.950100000010479648e-03 1.450999999406121821e-05
8.023000000321190415e-05 2.093139999976756285e-03 1.445999998850311385e-05
9.421000002021173172e-05 2.546940000001995941e-03 1.780000002327142283e-05
1.024299999926370274e-04 2.353589999995619846e-03 1.834000000826563269e-05
2.387699999871983837e-04 1.963139999975283163e-03 1.817999999502717333e-05
1.326500000118358003e-04 1.984360000017204671e-03 1.528000000234897083e-05
9.343000002672851591e-05 1.777210000000195578e-03 1.312999997935548924e-05
8.213999999497900175e-05 1.906199999996260842e-03 1.414999998132770930e-05
8.913000000347892908e-05 1.763090000008560353e-03 2.262000003838693374e-05
1.561600000059115809e-04 1.755399999979090353e-03 1.376999997546590782e-05
9.097000000792831455e-05 1.753430000007938361e-03 2.010999997992257704e-05
1.090899999894645643e-04 1.788859999976466497e-03 1.300999998647966936e-05
8.488000000852479756e-05 1.719739999998637359e-03 1.298999998198269202e-05
8.738999998740837598e-05 1.930139999990387791e-03 1.455000002579254249e-05
1.064899999960289251e-04 1.879629999996268366e-03 2.251999999316467573e-05
1.589299999750437510e-04 1.697470000021894564e-03 1.652999998213999788e-05
1.276499999789848408e-04 1.912829999992027340e-03 1.349000001482636435e-05
9.187000000565603841e-05 1.803630000006251153e-03 1.267999999754465534e-05
8.490000001302178676e-05 1.607209999986025694e-03 1.217999998743835090e-05
8.468999999422521796e-05 1.567850000003545531e-03 1.204999999799838474e-05
8.757000001651249748e-05 1.993269999991298305e-03 1.414999999269639409e-05
9.204000000408995587e-05 1.623890000007577284e-03 1.236999997900056769e-05
9.889000001521708598e-05 1.601410000000669329e-03 1.260999998748957364e-05
1.065700000140168413e-04 1.527229999987866991e-03 1.183999997920182102e-05
1.210200000059558106e-04 1.630859999988842944e-03 1.172999998289014911e-05
9.011999999302134072e-05 1.657529999999951585e-03 1.514000000497617361e-05
9.191999999984546137e-05 1.729439999974147256e-03 1.169000003073961159e-05
8.966999999984181526e-05 1.560309999979381159e-03 1.173000000562751700e-05
9.364000001141903882e-05 1.659750000033000062e-03 1.543999999285006062e-05
9.347999998681189298e-05 1.632150000023102577e-03 1.181999998607352677e-05
9.886999997661405088e-05 1.995399999998426210e-03 1.326999999946565435e-05
9.568000000399478906e-05 1.638419999983398070e-03 1.242000001866472303e-05
9.591999998974643220e-05 1.712429999997766572e-03 1.189999999269275645e-05
9.721000000126878691e-05 1.784269999996013299e-03 1.190000001543012263e-05
9.375000000773070225e-05 1.627160000009553230e-03 1.182000000881089295e-05
9.682999999540697358e-05 1.773150000019541039e-03 1.231999998481114812e-05
9.559999998600687290e-05 1.668100000006233997e-03 1.181000000087806189e-05
1.019100000121397898e-04 1.771820000021762011e-03 1.215999999431005495e-05
9.713000001738691664e-05 1.727139999991322752e-03 1.203999999006555367e-05
9.361999999555337668e-05 1.535369999999147694e-03 1.209999999218780431e-05
1.042699999970864128e-04 1.864380000017717932e-03 1.250999999911073280e-05
9.469000000308369094e-05 1.659459999984846945e-03 1.204999998662969995e-05
9.847999999692546593e-05 2.071069999988140072e-03 1.372999997784063453e-05
9.378000000879183604e-05 1.649679999991349091e-03 1.648000002205662759e-05
1.185199999895303308e-04 1.624319999996259780e-03 1.476999999567851841e-05
9.534999999232241224e-05 1.707010000006903240e-03 1.223999998956060153e-05
9.562999999843669317e-05 1.623209999979735542e-03 1.269999999067294960e-05
1.005399999939982054e-04 1.871509999989484597e-03 1.219000000673986506e-05
9.751999997433812863e-05 1.678509999999278166e-03 1.224000001229796942e-05
1.000199999907636084e-04 1.782349999996313316e-03 1.194000001305539593e-05
1.042899999902147155e-04 1.835569999991548771e-03 1.293000004807254333e-05
9.615999997549806179e-05 1.701269999989562989e-03 1.221999998506362249e-05
9.755000000950530832e-05 1.800519999994776212e-03 1.244000000042433419e-05
9.526000001187639738e-05 1.654029999986050782e-03 1.269999999067294960e-05
1.035299999784911024e-04 1.937989999987621559e-03 1.543000000765459913e-05
9.955999998965126539e-05 1.707489999978406472e-03 1.209000001836102422e-05
1.009099999919271741e-04 1.776039999992917772e-03 1.193000001649124965e-05
1.021400000126959612e-04 1.836380000020198990e-03 1.228000000992324271e-05
1.015100000131496873e-04 1.783039999986613198e-03 1.195999998344632399e-05
1.041499999814732318e-04 1.946370000007391441e-03 1.234000002341417644e-05
1.053700000284152338e-04 2.393840000013369891e-03 1.789000002645480049e-05
2.047800000013921709e-04 2.750780000008035218e-03 1.702000000705084084e-05
2.061099999991711175e-04 2.833090000012816918e-03 1.705000003084933404e-05
2.055799999766350029e-04 2.783369999986007141e-03 1.674000002367392949e-05
2.048800000238770627e-04 2.694249999990461220e-03 1.697000001286141788e-05
2.083999999854313555e-04 2.708249999966483128e-03 1.696000000492858681e-05
2.100100000120619424e-04 2.815119999991111226e-03 1.708999999436855297e-05
2.097400000138804790e-04 2.833490000000438158e-03 1.670000000331128831e-05
2.077699999745163950e-04 2.742200000022876425e-03 1.694000000043161116e-05
2.082199999904332799e-04 2.686189999985799746e-03 1.720000002478627585e-05
1.327799999899070935e-04 1.898599999992711630e-03 1.291000000946951332e-05
1.082199999927979607e-04 1.952990000017962345e-03 1.211999999668478335e-05
1.059500000110347119e-04 1.854190000005928552e-03 1.217999999880703399e-05
1.098199999660209842e-04 2.089320000004590925e-03 1.247999998668092269e-05
1.079399999980523662e-04 1.946310000005269146e-03 1.222999998162777047e-05
1.080200000046715959e-04 1.927649999993264005e-03 1.223000001573382144e-05
1.074999999786996395e-04 1.991849999978967216e-03 1.205000000936706783e-05
1.055400000041117919e-04 1.864850000004025787e-03 1.230999999961568324e-05
1.062500000102772956e-04 1.946110000028511509e-03 2.895999999736886889e-05
1.089399999955276090e-04 1.898810000022877007e-03 1.223999998956060153e-05
1.113599999825964860e-04 2.301080000006549935e-03 1.702000000705084084e-05
1.131600000121579797e-04 2.038030000016988284e-03 3.957000001264532330e-05
1.085199999806718579e-04 1.826580000022204418e-03 1.366999998708706698e-05
1.200899999730609070e-04 1.985779999995429361e-03 1.541999997698439848e-05
1.129300000002331217e-04 1.993719999995846679e-03 1.545000002352026126e-05
1.183300000093367971e-04 2.154089999987718156e-03 1.229000000648738899e-05
1.118599999927027939e-04 1.913190000004760891e-03 1.245000000835716525e-05
1.137300000436880455e-04 2.164540000012493866e-03 1.604999999926803866e-05
1.162200000067059618e-04 2.030949999982567446e-03 1.893999997264472700e-05
1.147400000036213869e-04 2.076569999996990927e-03 1.551000002564251190e-05
1.150100000245402097e-04 1.991039999995791905e-03 1.274999999623105396e-05
1.158199999963471728e-04 1.957389999995484773e-03 1.255999998193146928e-05
1.112199999852236888e-04 2.043209999976625200e-03 1.769999996668047835e-05
1.179899999783629028e-04 2.134049999983744957e-03 1.542000001109045115e-05
1.116700000238779467e-04 1.954549999993560050e-03 1.571999999896434155e-05
1.123199999710777774e-04 1.984169999991536228e-03 1.548999999840816667e-05
1.146999999832587491e-04 2.301810000005843904e-03 1.557999997885417475e-05
1.308000000335596161e-04 2.226630000006934833e-03 1.678999999512598287e-05
1.716000000214989941e-04 2.762760000018715887e-03 1.767999999628955198e-05
1.180700000190881783e-04 2.950590000011743541e-03 1.596000000745334411e-05
1.349800000070899896e-04 3.024370000014187185e-03 1.541999999972176806e-05
1.280799999676673906e-04 2.730480000002444198e-03 1.834999998209241448e-05
1.849099999958525641e-04 2.575839999997242471e-03 2.342999999882522388e-05
2.527399999962654073e-04 2.498410000021067303e-03 1.746000000366620817e-05
1.199999999812462192e-04 2.498309999998582411e-03 1.878000000488100341e-05
1.325499999893509084e-04 2.555480000000898318e-03 1.386999997521343175e-05
1.221099999838770546e-04 2.112120000015238561e-03 1.610999997865292311e-05
1.238999999827683442e-04 2.344309999989491102e-03 1.343000002407279680e-05
1.365400000167937941e-04 2.430089999995743624e-03 1.971000000366984750e-05
1.554099999907521124e-04 2.317310000023553584e-03 1.384999997071645271e-05
1.212200000168195348e-04 2.265580000005229435e-03 1.969000001054155156e-05
1.220799999600785614e-04 2.460679999990134006e-03 1.692000001867199831e-05
1.177299999994829705e-04 2.146640000000843516e-03 1.666999999088147820e-05
1.210899999932735227e-04 2.273449999972853956e-03 1.310000000103173011e-05
1.249700000130360314e-04 2.352880000023560483e-03 1.606000000720086973e-05
1.219300000116163519e-04 2.121909999982562849e-03 1.255999998193146928e-05
1.258199999824682999e-04 2.321430000006330201e-03 1.536000004307424980e-05
1.528699999994387272e-04 2.128190000030372262e-03 1.273999997692953979e-05
1.218999999991865452e-04 2.821159999984956986e-03 2.247000001034393926e-05
1.639200000113305523e-04 3.365220000000590603e-03 1.757999998517334326e-05
2.547800000115785441e-04 2.296890000002349465e-03 1.594000002569373464e-05
1.238300000181879914e-04 2.306390000012470236e-03 1.542999999628591603e-05
1.512000000047919457e-04 2.181339999992815137e-03 1.266999998961182428e-05
1.261900000031346281e-04 2.218189999996411817e-03 1.263999999991938205e-05
1.254700000117736527e-04 2.269739999985631411e-03 1.262999999198655098e-05
1.347699999996620937e-04 2.232019999996737343e-03 1.300000000128420618e-05
1.541800000040893846e-04 2.497989999972105492e-03 1.277000000072803300e-05
1.401299999884031314e-04 2.253710000002229034e-03 1.407000002018321538e-05
1.247899999839319099e-04 2.508199999988392024e-03 2.134999998588682569e-05
1.240600000187441765e-04 2.334829999972498540e-03 1.425999998900806599e-05
1.287900000079389537e-04 2.273850000005950105e-03 1.634000000194646418e-05
1.386300000035589673e-04 2.377080000019305035e-03 1.625999998395855141e-05
1.268200000026808885e-04 2.369670000018686377e-03 1.583000000664469485e-05
2.209500000162734176e-04 2.750339999988682220e-03 2.111000000013518594e-05
2.214099999946483877e-04 2.821170000004258327e-03 3.266999999596009729e-05
1.945700000078432021e-04 3.354799999988244876e-03 1.569000000927189763e-05
1.715999999987616212e-04 2.993069999990894021e-03 2.553000001626060111e-05
1.951000000190106166e-04 3.892969999992601342e-03 1.653000000487736407e-05
1.792500000078689427e-04 3.088760000025558838e-03 2.238000002989792779e-05
1.437999999780004254e-04 3.171330000009220471e-03 1.545999999734703966e-05
1.526199999943855801e-04 3.135190000000420609e-03 1.694999998562707265e-05
1.611800000205221295e-04 3.099760000009155018e-03 1.980999999204868664e-05
1.510499999994863174e-04 3.107499999998708518e-03 2.210999999761042865e-05
1.605999999924279055e-04 3.185409999991861609e-03 1.869000000169762575e-05
1.462199999991753484e-04 3.372069999988980184e-03 1.938000000336615039e-05
3.428400000188958183e-04 3.903409999998075277e-03 4.005000000688596900e-05
2.643199999624812552e-04 3.411939999989499310e-03 1.492000000098414670e-05
1.443899999799214075e-04 2.531490000001212961e-03 1.331999999365507392e-05
1.418499999999767224e-04 2.858660000015333935e-03 2.032000001008782555e-05
1.984699999752592811e-04 2.920619999986229405e-03 1.420000002099186464e-05
1.456899999993766068e-04 2.616619999980684778e-03 1.588999998602957930e-05
1.331299999947077595e-04 2.476960000001326902e-03 2.075000002150773139e-05
1.305500000057690960e-04 2.302130000020952312e-03 1.640000000406871482e-05
1.354300000230068744e-04 2.526709999995091320e-03 1.308999998173021595e-05
1.365199999895594320e-04 2.616030000001501495e-03 1.333000001295658808e-05
1.379499999870858974e-04 2.437290000000302652e-03 1.292999996849175659e-05
1.377699999920878218e-04 2.632449999998698244e-03 1.320000001214793883e-05
1.543599999990874602e-04 3.237479999984316410e-03 1.737000002322020009e-05
1.642100000026403049e-04 3.425160000028881855e-03 1.809000001458116526e-05
2.813400000150068081e-04 3.548460000001796115e-03 1.786999998785176877e-05
2.430300000014540328e-04 2.604089999988445751e-03 1.564000001508247806e-05
1.370599999972910046e-04 2.597509999998237444e-03 1.319000001558379086e-05
1.445900000021538181e-04 2.546800000004623143e-03 1.293999998779327075e-05
1.412100000152349767e-04 2.741679999985535687e-03 2.901000001429565465e-05
1.529999999775100204e-04 2.443170000003646973e-03 1.278999998248764246e-05
1.436900000044261214e-04 2.492649999999230117e-03 1.283000000285028364e-05
1.470500000323227195e-04 2.546759999984260329e-03 1.268999999410880332e-05
1.470200000085242263e-04 2.903930000024956912e-03 1.467000000729967757e-05
1.389800000197283334e-04 2.488089999997100503e-03 1.330000002326414755e-05
1.389700000231641752e-04 2.581539999994220125e-03 1.322999996773433008e-05
1.453999999966981813e-04 2.621980000003532214e-03 1.319999998941057095e-05
1.380100000346828838e-04 2.530440000009548471e-03 1.469999999699211980e-05
1.715199999694050456e-04 2.651659999980893016e-03 1.314999999522115138e-05
1.395100000081583749e-04 2.567279999993843376e-03 1.284999999597857789e-05
1.387100000329155700e-04 2.518950000001041103e-03 1.275000000759973705e-05
1.403600000116966894e-04 2.473329999997986132e-03 1.284000001078311470e-05
1.411899999993693146e-04 2.501830000005611423e-03 1.293000002533517545e-05
1.681699999835473244e-04 2.677160000018830033e-03 1.717000001235646913e-05
2.179599999863057747e-04 2.805949999981294241e-03 1.412999999956809983e-05
1.412299999742572200e-04 2.609590000008665985e-03 1.394000000800588134e-05
1.507800000013048811e-04 2.620730000012372416e-03 1.380999999582854730e-05
1.502099999925121611e-04 2.754859999993186474e-03 1.328999998122526381e-05
1.426300000048286111e-04 2.616619999992053722e-03 1.303000000234533150e-05
1.517599999942831346e-04 2.646249999963856767e-03 1.305999996930040584e-05
1.765399999953842672e-04 2.630459999988943136e-03 1.325000000633735840e-05
1.513300000056005848e-04 2.836700000011660536e-03 1.305999996930040584e-05
1.466900000423265683e-04 2.569860000016888166e-03 1.306000001477514161e-05
1.608399999781795486e-04 3.050160000009327719e-03 2.855999999837876977e-05
1.648500000101193964e-04 2.664980000008654488e-03 2.073999999083753074e-05
1.457099999811361959e-04 2.535480000005918555e-03 1.343000003544147990e-05
1.475800000093840882e-04 2.575689999980568332e-03 1.403999999638472218e-05
1.480700000115575785e-04 2.743609999993168284e-03 1.291999999466497650e-05
1.482399999986227959e-04 2.741339999988668015e-03 1.294000001053063864e-05
1.526100000205587949e-04 2.690960000018094520e-03 1.321999998253886520e-05
1.482699999996839432e-04 2.682810000021618006e-03 1.290000000153668225e-05
1.729399999817360259e-04 2.623390000019298982e-03 1.300999999784835415e-05
1.495900000122674046e-04 2.779559999987668648e-03 1.343999997516220901e-05
1.562000000262742051e-04 3.032229999985247386e-03 1.471999999012041405e-05
1.563799999871662348e-04 2.740549999998620478e-03 1.383000001169420944e-05
1.465600000074118833e-04 2.619990000005145616e-03 1.320000001214793883e-05
1.530200000161130555e-04 2.682440000000951841e-03 1.370000001088556019e-05
1.480500000297979622e-04 2.768019999996340543e-03 1.316999998834944563e-05
1.454499999908875907e-04 2.591240000015204714e-03 1.312000000552870915e-05
1.742300000159957671e-04 2.742809999983819406e-03 1.324999998359999222e-05
1.476500000080704868e-04 2.772259999983361749e-03 1.318999998147773988e-05
1.554700000042430529e-04 2.819400000009864189e-03 1.644999997552076820e-05
1.783299999942755567e-04 2.845019999995201943e-03 3.367999998999948459e-05
1.487399999973604173e-04 3.181780000011258294e-03 1.473999999461739140e-05
1.530399999751352988e-04 2.653940000004695494e-03 1.314999998385246659e-05
1.533300000005510702e-04 2.883779999990565557e-03 1.353999999764710083e-05
1.595700000052602155e-04 2.686969999990651472e-03 1.461000000517742524e-05
1.654799999869283110e-04 2.987520000010590506e-03 1.304000002164684736e-05
1.600899999971261531e-04 3.224120000004404487e-03 1.347999999552485019e-05
1.612700000123368173e-04 2.956930000016200124e-03 1.689000001761087468e-05
1.651399999900604490e-04 3.036200000008193282e-03 1.308000001927212065e-05
1.659999999901628945e-04 3.049919999978101086e-03 2.051999997547682074e-05
1.567100000215759846e-04 3.194260000032045528e-03 2.020000000584332088e-05
2.083999999740626555e-04 3.007070000023759349e-03 1.353999999764710083e-05
1.687000000174521119e-04 2.946660000009160459e-03 2.217999997355946107e-05
1.915100000019265335e-04 2.948080000010122603e-03 1.311999999416002606e-05
1.670900000021901979e-04 3.495639999982813606e-03 1.859999999851424810e-05
3.244699999754629754e-04 4.292009999994661137e-03 1.864000000750820618e-05
3.436599999758982666e-04 4.134010000018406746e-03 1.870000000963045682e-05
3.213399999935972811e-04 4.160689999991973309e-03 1.836000000139392864e-05
3.193399999986467957e-04 4.320189999987178453e-03 1.698000000942556585e-05
2.490600000101039551e-04 3.114349999998467042e-03 1.461000002791479312e-05
1.618200000166325481e-04 2.778379999995195249e-03 1.382999998895684325e-05
1.642499999775282103e-04 3.097330000002784800e-03 1.356999998733954305e-05
1.674100000172984437e-04 3.002849999995760386e-03 1.696000001629727330e-05
1.680599999758669474e-04 2.719289999993179576e-03 1.327999999602980063e-05
1.787199999853328282e-04 3.035710000017388492e-03 1.741999998330357038e-05
1.620399999865185291e-04 2.964050000002771412e-03 1.356999998733954305e-05
1.663900000039575389e-04 3.072969999993802222e-03 1.367999999501989805e-05
1.729899999872941353e-04 3.101420000007237832e-03 1.350999997384860762e-05
1.800900000148430991e-04 3.383900000005724169e-03 1.333999998678336817e-05
1.749300000028597532e-04 3.199150000000372529e-03 1.306999998860192170e-05
1.633999999739898959e-04 3.311609999991560558e-03 1.611999999795443728e-05
1.737299999831520727e-04 3.114219999974921112e-03 1.491999998961546192e-05
1.815099999816993605e-04 2.965080000012676638e-03 1.363000001219916157e-05
1.763300000220624443e-04 2.846579999993536884e-03 1.335000000608488403e-05
1.746799999978065790e-04 3.107709999994767713e-03 1.374000000851083348e-05
1.723700000070493789e-04 3.098529999999754918e-03 1.661000000012791066e-05
1.676500000257874598e-04 3.064670000014757534e-03 1.337000002195054617e-05
1.743600000281730791e-04 3.208740000013676850e-03 1.662999999325620660e-05
1.693599999953221468e-04 3.102290000003904598e-03 1.320999999734340202e-05
1.733500000113963324e-04 3.080670000008467382e-03 1.329999998915809488e-05
1.652100000114842206e-04 3.277280000020255102e-03 1.494000002821849193e-05
1.662499999952160687e-04 2.931939999996302504e-03 1.403999998501603909e-05
1.663200000052711403e-04 2.961759999982405047e-03 1.398999999082661782e-05
1.659099999756108337e-04 2.940919999991819991e-03 1.654000000144151204e-05
2.023899999926470682e-04 3.018399999996290804e-03 1.332999997885053711e-05
1.636900000107743944e-04 2.819400000021232700e-03 1.351999997041275560e-05
1.719699999966906034e-04 2.922779999983049406e-03 1.338999998097278944e-05
1.718699999855743846e-04 3.192419999993490083e-03 1.323000000184038106e-05
1.682299999970382379e-04 3.048070000011193683e-03 1.365000000532745583e-05
1.686700000050222917e-04 3.028160000030766415e-03 1.358000001800974200e-05
1.675800000157323612e-04 3.169469999988905329e-03 1.524999997855047763e-05
1.615700000343167739e-04 2.886409999985062140e-03 1.511000000391504660e-05
1.673600000344777072e-04 3.203440000004320436e-03 1.503999998249128179e-05
1.876399999787281558e-04 3.413509999995767517e-03 1.359000002594257307e-05
1.777400000264606206e-04 3.169499999989966368e-03 1.402000003736247891e-05
1.669900000024426791e-04 3.028789999984837604e-03 1.345000000583240796e-05
1.670300000228053304e-04 3.022780000014790771e-03 1.351999999315012179e-05
1.705700000115939583e-04 3.204189999985374102e-03 1.320000003488530672e-05
1.681599999983518392e-04 3.079950000005737733e-03 1.327000001083433744e-05
1.692099999786478184e-04 3.162190000000464525e-03 1.334000000952073606e-05
1.667799999950148103e-04 3.647480000006453425e-03 1.479000004565023153e-05
1.715299999887065496e-04 3.281710000010207295e-03 1.432999998769446460e-05
1.713700000436801821e-04 3.132209999989754579e-03 1.348000000689353328e-05
1.698300000157359937e-04 3.051389999984621855e-03 1.363999999739462476e-05
1.797399999645676871e-04 3.071099999988291702e-03 1.441000000568237738e-05
1.755099999854792313e-04 3.337770000007367257e-03 1.866999998583196362e-05
1.710400000206391323e-04 3.116629999988163122e-03 1.409000003604887752e-05
1.697600000170495951e-04 3.034259999992627854e-03 1.422000001412016058e-05
1.699699999903714451e-04 3.002150000008896400e-03 1.432000000249899972e-05
1.730300000190254596e-04 3.170700000009673940e-03 1.418000000512620250e-05
1.734999999825959148e-04 3.542099999992842814e-03 1.586999999290128336e-05
2.485300000216739136e-04 3.360680000025695162e-03 1.528000000234897083e-05
1.786300000048868133e-04 3.169119999995473336e-03 1.406999998607716441e-05
1.731000000063431853e-04 2.963590000013027661e-03 1.419999999825449845e-05
1.844500000061088940e-04 3.454409999983454414e-03 1.467999998112645766e-05
1.789000000144369497e-04 3.306880000002365618e-03 1.416999998582468834e-05
1.858400000060100811e-04 3.373880000026474590e-03 1.390000001038060805e-05
1.790999999798259415e-04 3.229670000007445023e-03 1.499000001103922841e-05
1.819800000021132346e-04 3.273060000003624650e-03 1.429999999800202238e-05
1.773899999875538816e-04 3.078450000009524869e-03 1.763000001346881550e-05
1.828900000532485083e-04 3.702799999996386586e-03 1.565999999684208752e-05
2.213800000163246404e-04 3.094760000010410295e-03 1.479000001154418055e-05
2.083399999605717420e-04 3.391010000007099647e-03 1.494999999067658724e-05
1.791100000104961455e-04 3.183350000006157556e-03 1.411000000643980389e-05
1.832799999647249879e-04 3.232190000005630282e-03 1.448999998956423917e-05
1.824300000180301194e-04 3.284299999995710009e-03 1.423000002205299165e-05
1.798300000018571208e-04 3.079170000012254518e-03 1.452000002473141717e-05
1.808300000107010365e-04 3.211139999984880065e-03 1.413999999613224611e-05
1.839499999732652268e-04 3.331349999996291444e-03 1.427999998213636024e-05
1.818299999968076063e-04 3.178640000010091258e-03 1.449999998612838715e-05
1.876900000070236382e-04 4.133639999997740580e-03 2.015999999684936619e-05
2.029000000334235665e-04 3.448299999990922689e-03 1.454000001785971142e-05
1.879100000110156652e-04 3.256339999995816643e-03 1.530000000684594987e-05
2.022800000077040641e-04 3.553209999995488207e-03 1.460000001998196206e-05
1.929700000118827921e-04 3.125869999985297996e-03 1.496999998380488318e-05
1.896499999929801453e-04 3.515760000016143923e-03 1.745000001847074668e-05
2.256500000385130934e-04 3.395130000001245207e-03 1.443999998400613481e-05
1.912100000254213228e-04 3.651639999998223911e-03 1.426999999694089706e-05
1.849299999548748073e-04 3.387319999990268289e-03 1.514000000497617361e-05
1.865300000076786091e-04 3.431680000005599140e-03 1.951000000417479964e-05
2.833600000258229556e-04 3.611970000008568604e-03 1.635000002124797834e-05
1.904599999875245084e-04 4.188869999984490625e-03 1.600000000507861909e-05
1.892999999881794793e-04 4.408269999998992716e-03 1.648000002205662759e-05
1.817700000060540387e-04 4.307059999996453933e-03 3.070000002480810508e-05
2.264399999830857214e-04 6.321349999996073339e-03 4.211000000395870166e-05
3.584899999736990356e-04 5.660280000006423853e-03 2.051000001301872544e-05
4.619399999910456136e-04 5.118839999988722064e-03 2.004999998916900950e-05
3.784500000051594032e-04 4.923250000001644193e-03 1.660000000356376268e-05
1.998800000023948033e-04 3.696239999999306920e-03 1.694999999699575575e-05
2.035900000237233945e-04 3.616810000016812323e-03 1.513000000841202564e-05
1.920599999948535642e-04 3.864580000015394208e-03 1.791999998204119173e-05
1.920600000175909372e-04 3.559079999990899697e-03 1.538000001346517955e-05
1.938699999982418430e-04 3.423909999992247148e-03 1.869000001306630885e-05
1.935500000172396431e-04 3.868370000009235983e-03 1.492999997481092510e-05
1.976800000420553260e-04 3.516469999976834342e-03 1.494999999067658724e-05
2.049999999940155249e-04 3.552620000016304489e-03 4.929000000402084241e-05
2.288799999973889607e-04 3.502620000006118062e-03 1.517000000603729893e-05
1.897199999802978709e-04 3.629489999957513559e-03 1.821999999265244832e-05
2.001499999892075666e-04 3.548679999994419632e-03 2.202999996825383278e-05
1.989299999763716241e-04 4.063159999986964976e-03 1.935000000230502337e-05
1.928699999780292273e-04 3.424629999994976796e-03 1.507000000628977500e-05
1.944000000094092575e-04 3.638019999993957580e-03 1.790000002301894846e-05
2.761100000043370637e-04 3.474230000006173040e-03 1.756000000341373379e-05
1.945699999737371291e-04 3.446379999979853979e-03 1.770999999735067899e-05
1.971899999716697439e-04 4.729320000012649135e-03 2.357000001893538730e-05
3.910500000074535018e-04 4.913289999990411161e-03 2.007999997886145003e-05
3.841899999883935271e-04 5.206329999987246646e-03 2.269000001433596616e-05
4.231899999922461575e-04 5.008980000002338957e-03 2.525000002151500667e-05
3.507199999944532248e-04 3.942989999984547467e-03 1.670999999987543628e-05
2.037200000017946877e-04 3.649140000027273258e-03 1.829000001407621312e-05
2.060600000049817081e-04 3.614559999971333863e-03 1.825000000508225504e-05
2.102399999785120545e-04 4.018110000004071480e-03 1.449999998612838715e-05
2.077100000178688734e-04 3.766090000010535559e-03 1.475999999911437044e-05
2.066300000024057280e-04 3.668769999990217912e-03 1.445000000330765067e-05
2.058299999816881501e-04 3.589660000011463212e-03 1.723999999967418126e-05
2.071599999908357967e-04 3.753710000012233650e-03 1.453000000992688035e-05
2.047899999752189561e-04 3.507230000002436923e-03 1.742000000604093657e-05
1.994799999806673549e-04 3.500979999989794946e-03 1.791999998204119173e-05
2.235499999983403432e-04 3.637030000004415169e-03 1.558000001296022742e-05
1.976200000171957126e-04 3.748599999994439713e-03 1.610000001619482781e-05
1.957100000140599150e-04 3.564339999968524353e-03 1.840999999558334821e-05
2.372499999978572305e-04 3.668349999975362066e-03 1.489999998511848457e-05
2.007399999797598758e-04 3.571109999995769613e-03 1.815999997916151120e-05
2.056699999911870637e-04 3.820570000004863860e-03 3.017000000227199052e-05
2.071100000080150602e-04 3.686100000004444242e-03 1.531999997723687624e-05
2.100400000131230627e-04 3.791189999969901518e-03 1.436999998531973620e-05
2.013000000147258106e-04 3.519170000004123722e-03 2.102999999351595626e-05
2.045000000180152765e-04 3.717859999994743703e-03 2.169999997931881876e-05
2.094700000156990427e-04 3.814760000011574448e-03 1.489000002266038757e-05
2.110700000002907527e-04 3.981540000006588906e-03 2.124999999750798316e-05
2.097399999797744331e-04 3.879319999987273972e-03 1.491000000441999873e-05
2.032600000234197177e-04 3.654810000000452419e-03 1.808999999184379568e-05
2.029500000048756300e-04 3.577139999993051052e-03 1.780000000053405664e-05
2.007300000059331177e-04 3.428489999987504970e-03 1.784999999472347622e-05
2.126300000099945573e-04 3.949940000006790450e-03 1.496999999517356628e-05
2.054699999803233259e-04 3.602070000010826160e-03 1.480000000810832683e-05
2.073300000006383871e-04 3.730369999993854522e-03 1.479000000017549576e-05
2.091799999675458713e-04 3.793979999989005505e-03 1.468999996632192085e-05
2.090299999963463160e-04 3.730480000012903301e-03 1.486999996131999137e-05
2.136099999802354378e-04 4.429459999983009766e-03 1.618000001144537101e-05
2.083199999788121258e-04 3.701420000015787255e-03 1.525999999785199179e-05
2.098800000226219763e-04 3.745899999978519277e-03 1.461999997900420533e-05
2.089099999921018079e-04 3.726030000007085445e-03 1.449000001230160706e-05
2.085699999838652730e-04 3.706329999988611408e-03 1.442999997607330375e-05
2.405800000019553354e-04 3.784500000006118907e-03 1.486999999542604234e-05
2.077900000244881030e-04 3.621369999984835972e-03 1.474000000598607619e-05
2.102600000057464166e-04 3.739340000026914086e-03 1.492000001235282980e-05
2.091100000029655456e-04 3.740950000008069765e-03 1.475999997637700256e-05
2.122100000178761656e-04 3.758990000005723968e-03 1.467000000729967757e-05
2.230199999644355557e-04 4.091200000016215026e-03 1.623000001700347706e-05
2.078600000231745017e-04 3.761860000008709730e-03 1.872000002549611896e-05
2.176000000304156965e-04 3.890880000005836250e-03 1.493999999411244096e-05
2.241199999957643632e-04 3.973020000000815170e-03 1.519000002190296106e-05
2.335800000309973365e-04 4.191169999990052367e-03 1.502999999729581692e-05
2.290799999855153255e-04 3.993160000004536241e-03 1.830999998446713949e-05
2.537100000154169028e-04 3.964629999984481401e-03 1.939000003403634764e-05
2.220400000169320211e-04 4.072210000003906316e-03 1.644000000169398981e-05
2.328599999714242694e-04 4.066070000033050573e-03 1.865999998926781564e-05
2.214599999774691241e-04 4.408100000000558447e-03 1.718000000892061372e-05
2.263699999957680229e-04 4.026349999980994090e-03 1.594000000295636845e-05
2.240999999912674011e-04 3.943790000028002743e-03 1.631000000088533717e-05
2.199000000018713655e-04 4.073679999999057708e-03 2.089999995860125772e-05
2.656999999885556571e-04 4.041289999997843205e-03 1.848999997946521170e-05
2.604799999971874167e-04 4.403449999995245716e-03 1.552000001083797678e-05
2.314099999921381877e-04 4.242559999977402012e-03 1.920000000836807817e-05
2.310100000045167581e-04 4.264950000003864088e-03 1.517999999123276211e-05
2.257399999848530624e-04 4.004070000007686758e-03 1.553000000740212136e-05
2.397900000005392886e-04 4.149930000005496930e-03 1.515999996399841688e-05
2.348699999970449317e-04 4.791860000000269966e-03 2.167999999755920590e-05
2.382199999829026529e-04 4.354380000006585587e-03 1.572000001033302464e-05
2.251199999705022600e-04 4.002530000002479590e-03 1.502000000073167064e-05
2.310899999883986419e-04 4.122660000007272174e-03 1.600999997890539749e-05
2.343800000176088415e-04 4.325079999989611852e-03 1.949000002241518679e-05
2.768100000139383956e-04 4.234280000025592364e-03 1.564000000371379496e-05
2.370199999631949995e-04 3.904239999997116684e-03 1.537999997935912688e-05
2.689000000032137688e-04 3.955600000017512122e-03 1.477999999224266469e-05
2.219300000206203441e-04 4.006600000025173358e-03 1.522000002296408638e-05
2.212899999904038796e-04 3.933010000002923681e-03 1.520999998092520434e-05
2.428099999974620059e-04 3.972749999991265386e-03 1.469999999699211980e-05
2.224800000021787019e-04 6.000459999984286870e-03 2.147000001286869655e-05
4.488500000093153977e-04 5.923129999973753175e-03 2.029999999422216341e-05
4.534799999760252831e-04 5.606309999996028984e-03 2.098999996178463199e-05
4.470099999934973528e-04 5.762599999991379826e-03 2.041999999846666469e-05
4.723500000068270202e-04 5.592939999996815285e-03 2.079999999295978477e-05
3.648800000064511551e-04 3.976680000016585489e-03 1.548999999840816667e-05
2.241799999978866308e-04 4.055029999972248160e-03 1.557999999022285784e-05
2.234199999747943312e-04 3.922250000016447302e-03 1.543000001902328222e-05
2.901599999972859440e-04 3.886010000007900003e-03 1.511999997774182669e-05
2.256999999872277840e-04 4.425919999994221490e-03 2.465000001166117659e-05
2.971599999909813159e-04 6.114169999989371718e-03 5.180999999083723835e-05
4.427799999803027969e-04 5.661649999979090353e-03 2.043999998022627416e-05
4.480700000044635090e-04 5.998849999980393304e-03 2.030999999078630800e-05
4.512900000122499369e-04 6.053819999988263416e-03 2.079000001913300298e-05
4.556600000000798900e-04 5.938429999957861583e-03 2.045999999609193629e-05
4.327699999976175388e-04 4.298269999992498924e-03 1.545000001215157817e-05
2.271700000051169008e-04 4.066800000032344542e-03 1.651999999694453300e-05
2.327900000068439167e-04 4.201680000005580777e-03 1.552000002220665987e-05
2.357500000357504123e-04 4.188040000008186672e-03 1.655000000937434311e-05
2.331599999820355260e-04 4.414050000013958544e-03 2.390999998169718310e-05
3.037199999653239610e-04 4.308430000003226831e-03 1.750999997511826155e-05
2.399500000024090750e-04 4.295670000010432324e-03 1.596999999264880898e-05
2.446699999836709940e-04 4.509750000011081283e-03 1.580000002832093742e-05
2.431199999932687206e-04 4.370560000006662102e-03 1.899000000094019924e-05
2.346199999919917846e-04 4.364690000011250612e-03 1.582999999527601176e-05
2.618000000097709052e-04 4.396940000003723807e-03 1.639000001887325333e-05
2.312799999799608486e-04 4.053139999996346887e-03 1.601999999820691165e-05
2.405999999837149517e-04 4.246399999988170922e-03 1.551000000290514571e-05
2.350299999761773452e-04 4.414960000008250236e-03 1.604000001407257379e-05
2.436599999896316203e-04 4.937020000022584662e-03 1.727000000073530828e-05
3.457199999957083383e-04 4.522129999975277662e-03 1.612000000932312037e-05
2.598499999862724291e-04 4.353500000013355367e-03 1.558999998678700581e-05
2.345500000046740860e-04 4.372909999995044580e-03 1.552999999603343827e-05
2.251099999853067748e-04 4.098090000002230400e-03 1.542999998491722955e-05
2.312300000085087850e-04 4.154160000018692137e-03 1.553999999259758624e-05
2.283000000034007826e-04 4.367420000016863577e-03 1.551999999946929030e-05
2.281000000152744178e-04 4.148159999999734282e-03 1.564999995480320717e-05
2.352099999939127938e-04 4.348490000006676945e-03 1.527000000578482286e-05
2.582000000074913368e-04 4.270889999986593466e-03 1.591000001326392453e-05
2.376999999910367424e-04 4.743580000013025884e-03 1.983000003065171836e-05
2.360199999543510839e-04 4.411949999996523167e-03 1.575999998522093005e-05
2.345000000104846495e-04 4.283500000008188743e-03 1.568000002407643614e-05
2.428300000133276680e-04 4.570970000008856352e-03 2.186999997775273961e-05
2.439099999833160945e-04 4.447239999990415527e-03 1.608999998552462717e-05
2.698600000144324332e-04 4.471500000011019611e-03 1.596000000745334411e-05
2.411899999856359608e-04 4.497820000028696259e-03 1.618000001144537101e-05
2.340399999866349336e-04 4.413269999997737440e-03 1.911999999038016540e-05
2.288299999918308513e-04 4.123500000002877468e-03 1.596000003019071368e-05
2.344699999866861563e-04 4.381340000009004143e-03 1.833000000033280162e-05
2.551399999902059681e-04 4.705799999999271850e-03 1.659000001836830119e-05
2.703699999756281397e-04 4.318290000026081370e-03 1.572999999552848613e-05
2.495700000054057346e-04 4.550009999991289251e-03 1.885999998876286690e-05
2.441700000076707728e-04 4.352579999999761466e-03 1.790999997410836067e-05
2.427899999929650167e-04 4.340439999987210848e-03 1.738999998224244337e-05
2.682500000105392463e-04 4.465270000002874787e-03 1.926000003322769839e-05
2.922800000078495833e-04 4.557430000011209251e-03 1.917999999250241604e-05
2.684299999941686219e-04 4.717469999991408432e-03 1.905000000306244988e-05
2.776299999709408439e-04 4.617580000001453300e-03 1.877000000831685543e-05
2.497000000175831009e-04 4.573070000003553841e-03 1.920000000836807817e-05
2.389400000083696741e-04 4.814319999979943532e-03 1.679999999169012745e-05
2.453799999784678112e-04 4.778560000022480554e-03 1.905999998825791476e-05
2.427800000077695586e-04 4.363850000004276808e-03 1.589999997122504418e-05
2.388399999972534824e-04 4.306700000006458487e-03 1.595000001088919952e-05
2.458199999978205380e-04 4.619679999996151656e-03 1.881000000594213042e-05
2.397599999540034224e-04 4.445719999978337000e-03 1.870000000963045682e-05
2.430300000014540328e-04 4.622910000023239263e-03 1.922999999806052209e-05
2.366999999821928268e-04 4.416019999973741159e-03 1.617000001488122643e-05
2.662799999939125081e-04 4.603190000011636585e-03 1.919000001180393020e-05
2.465299999698800093e-04 4.621529999997165024e-03 1.916999999593826807e-05
2.543000000059691848e-04 5.462640000007468362e-03 2.428999998755898627e-05
2.519399999982852023e-04 4.715490000000955098e-03 1.898000000437605127e-05
2.505600000290542193e-04 4.577050000011695548e-03 1.638999999613588375e-05
2.532299999870701976e-04 4.605510000010326968e-03 2.131000003373628647e-05
2.491500000132873430e-04 4.454359999988355759e-03 1.917999998113373294e-05
4.326600000240432347e-04 4.874760000018340915e-03 1.936999997269594974e-05
2.590899999859175296e-04 4.770489999987148795e-03 1.920000005384281394e-05
2.633700000274075137e-04 4.688169999974433830e-03 1.886999999669569796e-05
2.560200000289114758e-04 4.589649999991252463e-03 1.654999997526829383e-05
2.670000000193795023e-04 4.699709999988499823e-03 2.403000002004773705e-05
2.609699999993608799e-04 5.592180000007829221e-03 2.113999998982762986e-05
2.737400000228262689e-04 5.099419999987730642e-03 2.408999999943262150e-05
2.696300000025075752e-04 4.506329999992430765e-03 1.734000001079038998e-05
2.627299999630850033e-04 4.825900000025739982e-03 1.868000000513347778e-05
2.471600000149010157e-04 4.569980000019313940e-03 1.931000002741711796e-05
2.531200000021272207e-04 4.634629999998196581e-03 1.848999996809652522e-05
2.570900000023357171e-04 4.713439999989077478e-03 1.881999997976890882e-05
2.593100000126469023e-04 4.811589999997067588e-03 1.908000000412357690e-05
2.560899999934918014e-04 4.887630000018816992e-03 1.586999998153260026e-05
2.581199999781347071e-04 4.773260000013124574e-03 1.872000000275875277e-05
2.807999999959065354e-04 5.065639999997983978e-03 2.273000000059255467e-05
2.607699999998658422e-04 4.740460000004986622e-03 1.848000000563842992e-05
2.620299999989583631e-04 4.597569999998540706e-03 2.454000001534950638e-05
2.552300000047580289e-04 4.433700000026874824e-03 1.925999998775296262e-05
2.892799999926865093e-04 4.819230000020979614e-03 2.224999997224585968e-05
2.812700000276890824e-04 4.773280000006252348e-03 1.900000000887303031e-05
2.772699999809446927e-04 4.518189999987498769e-03 1.938999998856161188e-05
2.842000000100597390e-04 4.673940000009224952e-03 1.961999998911778675e-05
2.863999999817679163e-04 4.537520000030781549e-03 1.941999998962273889e-05
2.637800000456991473e-04 4.746829999987767224e-03 1.900999995996244252e-05
2.633799999784969259e-04 5.258459999993192469e-03 2.026999999316103640e-05
2.535800000032395365e-04 4.439449999995304270e-03 2.771999998003593714e-05
2.766900000324312606e-04 4.879759999960242220e-03 1.687000001311389564e-05
2.571600000010221157e-04 4.425930000002154321e-03 2.039999998260100256e-05
2.833800000416886178e-04 4.636110000035387202e-03 1.917000000730695455e-05
2.860299999952076069e-04 4.639579999980015038e-03 1.962000000048646985e-05
2.905599999849073464e-04 4.726479999999355468e-03 1.950999998143743006e-05
2.845200000024305847e-04 4.838810000001103964e-03 4.134000000703963722e-05
2.606200000286662327e-04 4.687550000005558451e-03 2.787999999327439650e-05
2.686699999912889108e-04 4.675239999994573563e-03 3.356000000849234950e-05
2.637900000081572324e-04 4.979169999990063281e-03 2.045999998472325320e-05
2.694200000178170523e-04 4.631490000008398056e-03 1.926000001049032881e-05
2.673999999956322318e-04 4.614909999986593903e-03 1.914000000624582754e-05
2.694499999961408538e-04 4.654130000005807233e-03 2.033000000665197013e-05
2.698000000236788656e-04 4.706099999987145219e-03 1.935999999886917135e-05
2.723499999774503630e-04 4.959250000001702748e-03 1.653999999007282895e-05
2.797599999780686414e-04 4.895979999992050927e-03 1.811999998153623960e-05
2.696700000001328807e-04 4.862300000013419776e-03 1.644000001306267290e-05
2.667200000018965620e-04 4.774889999998777404e-03 2.102999999351595626e-05
2.635499999996682163e-04 4.699749999997493259e-03 1.912000000174884849e-05
2.693700000008902970e-04 5.305040000030203720e-03 1.727000002347267447e-05
2.937900000119952784e-04 4.631699999981720231e-03 1.942000001236010508e-05
2.703300000007402342e-04 4.796590000000833416e-03 1.677999997582446532e-05
2.955199999973956546e-04 4.891970000016954145e-03 1.609999999345745824e-05
2.895500000022366185e-04 4.929490000006353338e-03 1.624999998739440343e-05
2.674600000318605453e-04 4.778399999997873585e-03 1.664000000118903767e-05
2.657899999917390449e-04 4.757689999996728494e-03 2.628999998250947169e-05
2.707499999701212801e-04 4.931529999987560239e-03 1.654000000144151204e-05
2.650499999958810804e-04 4.863369999986844397e-03 1.666000000568601671e-05
2.716599999985192079e-04 4.809769999985747183e-03 1.638999999613588375e-05
2.799500000151055939e-04 5.586650000020653914e-03 1.741999998330357038e-05
2.643700000021454105e-04 4.708630000016001196e-03 1.963000000841930092e-05
3.419200000280398053e-04 5.030669999996462138e-03 1.650999998901170194e-05
2.734300000156508542e-04 4.863270000021202924e-03 1.629999998158382301e-05
2.820300000053066361e-04 5.063880000011522671e-03 1.603000001750842920e-05
2.819700000145530685e-04 4.964139999970029749e-03 1.651999999694453300e-05
2.771000000166168212e-04 4.896359999997912035e-03 1.637000001437627429e-05
3.001700000027085480e-04 4.986580000002049581e-03 1.820000003363020504e-05
2.741100000093865782e-04 4.969000000005508073e-03 1.689000000624218820e-05
2.824000000259729642e-04 5.027070000016920295e-03 1.632999999401363311e-05
2.855400000157714896e-04 5.399110000007567231e-03 1.710999997612816582e-05
3.100400000107583548e-04 5.112469999983204443e-03 1.644999999825813439e-05
2.800999999749365305e-04 4.751600000020061998e-03 1.952000001210763071e-05
2.809200000228884164e-04 4.884850000019013913e-03 1.682000000755578959e-05
2.811299999734728663e-04 5.197220000036395157e-03 1.660000001493244917e-05
2.765899999872090229e-04 4.960499999992862112e-03 1.635999998370607364e-05
2.790899999808971296e-04 5.013850000034380736e-03 1.729000002796965351e-05
3.011699999547090448e-04 4.811720000031982462e-03 1.629999999295250610e-05
2.754299999992326667e-04 4.895269999997254110e-03 1.654000001281019514e-05
2.846100000056139725e-04 5.160620000026483467e-03 1.504300000078728880e-04
3.335400000423760503e-04 5.475839999962772882e-03 1.752999999098392369e-05
2.794099999960053754e-04 5.180219999976998571e-03 1.969999997299965024e-05
2.679999999827487262e-04 4.812840000033702728e-03 1.940999999305859092e-05
2.790100000083839188e-04 5.093590000001313456e-03 1.816999999846302536e-05
2.786199999832206014e-04 4.926559999978508478e-03 1.645999999482228236e-05
2.706200000034186598e-04 5.037700000025324351e-03 1.855000000432482853e-05
2.762800000255083541e-04 5.247600000006969086e-03 1.718000002028930020e-05
2.769200000102500997e-04 5.169099999989157368e-03 1.675000003160676055e-05
2.779599999826132479e-04 5.018229999996038151e-03 1.714000001129534212e-05
3.003099999887126723e-04 6.103480000001581737e-03 1.916000002211148967e-05
3.048700000135795779e-04 5.203770000002804971e-03 3.662999998823579653e-05
2.754799999820534031e-04 5.074300000035236909e-03 1.674000001230524639e-05
2.782900000170229976e-04 5.106050000028972483e-03 1.999999998361090683e-05
2.862499999764622880e-04 5.284320000009756421e-03 1.632999999401363311e-05
3.067400000077213701e-04 5.379100000016024015e-03 1.988999998729923323e-05
3.399099999796817428e-04 5.460980000009385549e-03 1.725000000760701233e-05
2.880499999946550815e-04 5.191459999969083930e-03 1.717999997481456443e-05
2.831399999990935829e-04 5.194640000013350800e-03 2.009000002090033377e-05
2.871900000059213090e-04 5.192440000007536929e-03 1.673999997819919372e-05
2.919300000030489173e-04 5.622890000017833137e-03 1.969999999573701643e-05
3.169899999988956443e-04 5.658570000025520304e-03 1.721999999517720561e-05
3.218999999830884700e-04 5.482050000011895463e-03 2.061000000139756458e-05
3.066200000034768891e-04 5.440949999979238783e-03 1.696000001629727330e-05
3.212000000075932111e-04 5.402469999989989273e-03 1.727999999729945625e-05
3.072500000143918225e-04 5.251670000029661986e-03 1.657999999906678703e-05
2.971800000068469780e-04 5.287899999996170490e-03 4.198000002588742199e-05
3.005999999913910978e-04 5.114329999992150641e-03 1.711999998406099689e-05
2.922099999750571659e-04 5.305329999987407237e-03 1.700000000255386180e-05
2.922799999851122374e-04 5.082079999988308935e-03 1.688000003241540981e-05
3.138900000067224244e-04 5.787320000013096606e-03 1.749000001609601828e-05
2.904900000089582937e-04 5.154579999998532176e-03 1.766000000316125942e-05
3.205699999625722047e-04 5.234599999994316022e-03 1.651999999694453300e-05
2.982500000143772922e-04 5.716190000043752661e-03 1.760000002377637497e-05
3.117500000143991418e-04 5.129779999981565544e-03 1.629999999295250610e-05
2.951800000005278196e-04 5.343940000011570754e-03 1.618000001144537101e-05
2.961499999969419150e-04 5.545529999972131571e-03 1.654999998663697692e-05
2.836200000047028880e-04 5.096760000014910474e-03 1.730000001316511838e-05
2.933399999960783935e-04 5.242899999996097730e-03 1.674999997476334169e-05
2.981499999918924004e-04 5.385509999996429542e-03 1.648000002205662759e-05
2.876099999980397007e-04 5.746240000019042608e-03 1.956999998355968409e-05
3.142999999795392579e-04 5.447190000018054326e-03 1.700999998774932329e-05
2.967099999864331039e-04 5.377249999980904249e-03 1.737000001185151700e-05
2.978800000164483100e-04 5.351660000007996479e-03 4.159000001209278436e-05
2.910599999950136407e-04 5.192039999997177802e-03 1.719000000548476169e-05
2.940699999953721999e-04 5.225760000007540276e-03 1.642999999376115874e-05
2.996200000097815172e-04 5.363339999951222473e-03 1.646999999138643034e-05
2.950700000042161156e-04 5.341209999994589279e-03 1.713000000336251105e-05
3.038900000206012702e-04 5.126530000018192715e-03 1.654000001281019514e-05
3.025100000513702872e-04 5.495580000024346753e-03 1.672999997026636265e-05
3.041099999791186054e-04 6.019689999993716248e-03 2.002999999604071355e-05
3.005099999995763829e-04 5.442630000004555768e-03 1.700999999911800977e-05
3.000099999894700886e-04 5.323999999973239028e-03 1.979999998411585558e-05
3.307400000039706139e-04 5.530390000023999511e-03 1.645000000962682087e-05
3.012000000012449380e-04 5.386550000014267599e-03 1.697999999805688276e-05
3.281800000081602667e-04 5.557229999988066646e-03 1.813999998603321864e-05
3.043900000193388916e-04 5.512830000009216400e-03 1.636999998027022162e-05
3.308799999672373923e-04 5.631880000009914511e-03 1.660000001493244917e-05
3.051899999945817507e-04 5.321109999988494002e-03 1.689999998006896999e-05
3.275000000144245968e-04 5.690140000001520267e-03 1.664999998638449916e-05
3.029400000173154911e-04 6.149249999998574259e-03 1.808999999184379568e-05
2.941699999951197459e-04 5.389940000009118756e-03 1.719999999068022657e-05
3.380400000082772966e-04 5.471950000003289634e-03 1.677000000199768692e-05
3.140500000085921567e-04 5.639140000016596051e-03 1.695999999355990372e-05
3.364099999998870663e-04 5.629629999987173505e-03 1.688000000967804362e-05
3.228100000114863979e-04 5.814749999979084913e-03 1.678999997238861329e-05
3.167400000165798701e-04 5.715209999971193264e-03 1.704000001154781649e-05
3.499599999940983253e-04 5.694729999981973032e-03 1.717000000098778265e-05
3.231100000334663274e-04 5.571460000010119810e-03 1.677999998719315180e-05
3.176400000029388940e-04 5.391800000006696444e-03 1.711999997269231380e-05
3.121000000078311349e-04 6.128360000002430578e-03 1.852999998845916639e-05
3.091799999992872364e-04 5.506710000020120788e-03 1.953999999386724017e-05
3.316300000278715526e-04 5.576980000000730797e-03 1.714999999649080700e-05
3.105099999970662101e-04 5.608999999981279135e-03 1.643999996758793714e-05
3.054499999961990289e-04 5.500219999976252612e-03 1.675999997132748967e-05
3.045900000302026564e-04 5.293100000005779467e-03 1.727000001210399137e-05
3.226199999971868454e-04 5.393769999977848437e-03 1.675999999406485585e-05
3.024800000048344481e-04 5.426220000003922905e-03 1.726000001553984340e-05
3.323199999840653618e-04 5.289310000011937692e-03 1.702999999224630233e-05
3.096900000173263617e-04 5.362680000018826831e-03 1.664999999775318564e-05
3.109700000095471989e-04 5.857290000028570268e-03 1.835999999002524554e-05
3.086999999936779313e-04 5.476350000014918243e-03 1.749000000472733518e-05
3.425200000265249184e-04 5.625159999999596386e-03 1.708999997163118678e-05
3.213500000015301122e-04 5.650370000000748578e-03 1.729000000523228732e-05
3.030800000146882884e-04 5.373359999998683981e-03 1.723000000311003668e-05
3.122499999903993631e-04 5.656389999990097187e-03 1.699000001735839692e-05
3.161800000157200083e-04 5.714000000023133734e-03 1.690000000280633617e-05
3.117500000143991418e-04 5.537770000012187319e-03 1.686999999037652607e-05
3.193800000303781200e-04 5.746189999979378453e-03 1.650000000381624045e-05
3.395700000282886538e-04 5.554940000013175623e-03 1.736000002665605212e-05
3.219099999682839552e-04 6.757339999990108308e-03 2.725000000509680899e-05
3.391799999917566094e-04 6.050789999994777082e-03 2.018000002408371142e-05
3.274499999861291144e-04 5.527619999998023732e-03 1.843999998527578874e-05
3.215400000271983918e-04 5.799209999986487327e-03 1.725999999280247721e-05
3.053200000181277357e-04 5.655479999995804627e-03 1.685999999381238148e-05
3.213099999925361880e-04 5.646059999992303520e-03 1.696000001629727330e-05
3.236600000036560123e-04 5.394120000016755338e-03 1.703999998881045030e-05
3.040599999962978689e-04 5.530199999986962558e-03 1.745000000710206358e-05
3.181000000040512640e-04 5.507430000000113415e-03 1.657999999906678703e-05
2.973599999791076806e-04 5.531389999953261957e-03 1.686000000518106458e-05
3.222299999947608740e-04 6.279590000019652507e-03 1.809000002594984835e-05
3.773899999941931929e-04 5.652109999982712733e-03 1.820999998471961725e-05
3.364899999951376230e-04 6.279189999986556359e-03 1.681999997344974031e-05
3.079400000046917047e-04 5.627590000005966604e-03 1.707000000124026041e-05
3.180700000143587896e-04 5.604520000019874715e-03 1.764999997249105877e-05
3.299700000184202292e-04 6.043620000002647603e-03 2.070000000458094224e-05
3.215000000068357405e-04 5.806210000002920424e-03 2.108999998426952380e-05
3.235000000017862259e-04 5.703949999997348641e-03 1.715999999305495158e-05
3.403700000035314588e-04 5.738620000010996244e-03 1.693000000386746319e-05
3.189699999893491405e-04 5.728959999987637448e-03 1.692000000730331521e-05
3.544099999999161810e-04 5.982599999992998900e-03 1.877000000831685543e-05
3.241900000375607998e-04 5.791650000014669439e-03 1.694000000043161116e-05
3.206099999829348018e-04 5.716499999994084820e-03 1.694000002316897735e-05
3.144000000247615498e-04 5.816540000000714090e-03 1.714000001129534212e-05
3.160800000046037894e-04 5.629310000006171495e-03 1.726000000417116030e-05
3.222100000016325577e-04 5.784890000006726388e-03 1.690000000280633617e-05
3.198799999722723225e-04 5.569860000002790565e-03 1.718000003165798330e-05
3.247099999953206645e-04 5.466289999969830941e-03 1.712000001816704617e-05
3.094799999757924741e-04 5.704969999987952525e-03 1.729999997905906571e-05
3.126399999928253346e-04 5.743239999992511349e-03 1.685999999381238148e-05
3.250000000093678171e-04 6.447540000010576478e-03 1.856999999745312447e-05
3.155600000127378518e-04 5.674560000022666265e-03 1.803999999765437611e-05
3.220700000156284876e-04 5.948600000033365739e-03 1.804000000902305920e-05
3.233600000044134287e-04 5.682680000006712362e-03 1.836999998658939013e-05
3.357200000095872383e-04 6.483179999997900830e-03 1.868000000513347778e-05
3.692299999784154460e-04 6.230939999966267351e-03 1.856000000088897650e-05
3.673099999900841903e-04 6.129489999977977277e-03 1.871999998002138319e-05
3.519500000152220526e-04 6.088680000004842441e-03 1.884999996946134935e-05
3.451400000130888874e-04 6.311850000020058533e-03 1.897999999300736818e-05
3.532299999847054897e-04 6.507499999963783574e-03 1.914999998007260593e-05
3.644099999974059539e-04 6.734170000004269414e-03 2.061999999796171256e-05
3.447299999947972537e-04 6.167249999998602669e-03 2.362000000175612377e-05
3.494899999964218512e-04 6.365810000011152062e-03 1.920999999356354305e-05
3.525000000195177563e-04 6.559949999973469295e-03 1.880999999457344394e-05
3.487200000108714665e-04 6.419489999996130618e-03 1.973000000816682654e-05
3.590900000062902217e-04 6.476759999998193962e-03 1.938999998856161188e-05
3.605200000038166872e-04 6.590800000026320049e-03 1.959999999598949081e-05
3.827500000056716306e-04 6.755200000009153535e-03 1.981000000341737313e-05
3.682400000002417073e-04 6.619690000002264804e-03 1.999999999497958992e-05
3.636500000084197273e-04 6.720020000022941878e-03 2.494000000297091901e-05
3.955299999915951048e-04 6.477310000013858718e-03 2.493000000640677104e-05
3.708800000026712842e-04 6.537430000003041294e-03 2.000000002908563921e-05
3.721100000120713849e-04 6.554890000006708024e-03 1.930000001948428690e-05
3.868400000101246622e-04 6.534560000011424910e-03 2.010000002883316483e-05
3.774599999928795915e-04 6.943230000001676498e-03 1.968999999917286846e-05
3.762700000038421422e-04 6.863999999995940189e-03 2.013000001852560536e-05
3.750599999989390307e-04 6.391510000014477555e-03 1.996999999391846291e-05
3.837499999804094733e-04 6.784549999986210986e-03 2.010999999129126013e-05
3.666600000087782865e-04 6.657359999996970493e-03 1.991999998836036024e-05
3.672900000083245469e-04 6.905299999971248326e-03 2.374000001736931154e-05
3.990500000099927893e-04 6.532409999988430908e-03 2.132999999275852975e-05
3.578399999923931318e-04 6.088139999997110516e-03 2.032000002145650864e-05
3.790999999978339257e-04 6.772220000027573232e-03 2.016999997067614459e-05
3.646099999855323187e-04 6.639749999987998134e-03 1.989999998386338120e-05
3.634400000009918585e-04 6.467270000052849008e-03 2.019999999447463779e-05
3.680100000224229223e-04 6.885290000013810641e-03 1.983000001928303526e-05
3.818499999852065338e-04 6.771000000003368942e-03 2.029999999422216341e-05
3.811499999983425477e-04 6.526429999985339583e-03 2.039000000877422416e-05
3.724700000020675361e-04 6.718539999974381879e-03 1.960999998118495569e-05
3.757199999995464385e-04 7.041099999992183993e-03 2.557999999908133759e-05
3.890999999953237529e-04 6.892679999975825748e-03 2.130999999963023719e-05
3.657100000168611803e-04 6.542550000006031041e-03 2.034000000321611811e-05
3.899399999909292092e-04 6.647750000001906474e-03 2.008000000159881960e-05
3.782800000294628045e-04 6.886840000026950639e-03 2.000000004045432569e-05
4.014100000176767718e-04 6.811049999987517714e-03 2.008999997542559800e-05
3.776900000502791954e-04 7.282829999985552041e-03 2.161999998406827217e-05
3.824899999926856253e-04 7.157019999999647900e-03 2.038000000084139309e-05
4.089300000259754814e-04 7.184229999961644179e-03 2.100999997765029412e-05
3.819399999429151757e-04 7.015400000022964030e-03 2.080000001569715096e-05
4.092300000138493379e-04 7.711290000020199105e-03 2.187000000049010918e-05
4.219599999942147297e-04 7.071220000011635247e-03 2.130000007127819117e-05
3.891500000236192353e-04 7.337170000027981587e-03 2.229999995506659616e-05
3.794599999764614040e-04 6.874569999990853657e-03 2.032000002145650864e-05
3.875200000038603321e-04 7.414950000020325768e-03 2.054000001407985245e-05
3.832000000329571885e-04 6.992340000010699441e-03 2.062999997178849434e-05
3.831800000170915263e-04 7.036369999968883522e-03 2.057000003787834566e-05
3.849100000024918483e-04 7.183689999965281632e-03 2.083999995647900369e-05
4.207100000485297859e-04 7.322840000006181418e-03 2.223999999841908128e-05
4.018499999801861339e-04 7.522149999999783176e-03 2.110000000357104135e-05
4.007599999795275034e-04 7.564109999975698884e-03 2.079999999295978477e-05
5.208499999753257292e-04 6.785269999954835103e-03 1.998000004732602974e-05
3.810700000485667369e-04 6.815300000016577715e-03 1.922999997532315252e-05
3.759699999818622127e-04 6.591990000038095224e-03 1.925999997638427953e-05
4.043899999714994919e-04 7.155490000036479961e-03 1.936000001023785444e-05
3.806200000326498520e-04 7.058969999980036283e-03 2.027999998972518437e-05
4.125299999941489768e-04 7.089569999993728007e-03 2.003999995849881224e-05
3.849699999818767429e-04 6.748979999952098123e-03 1.990999999179621227e-05
3.980700000056458629e-04 6.925950000004376869e-03 2.062000003206776523e-05
3.790600000002086745e-04 6.970290000003842926e-03 2.031999997598177288e-05
3.780699999879289170e-04 8.142550000025039134e-03 2.732999998897866909e-05
7.749599999897327073e-04 1.012575000004289905e-02 2.726000000166095696e-05
7.710800000268136717e-04 1.004766000007748482e-02 2.074999997603299562e-05
6.659999999783395176e-04 1.020859999998719944e-02 2.625000006446498514e-05
7.511499999509396513e-04 9.132440000007591499e-03 2.061000002413493416e-05
3.758700000162207397e-04 7.050140000023930389e-03 2.059999999346473352e-05
3.723400000126275700e-04 6.852709999998296206e-03 2.092999998239975092e-05
3.791399999499844853e-04 6.953129999965312544e-03 2.017999997860897565e-05
4.062599999997473571e-04 7.268590000012409465e-03 2.063000004000059630e-05
3.880700000081560358e-04 6.991379999976743594e-03 2.045999999609193629e-05
3.885599999875921531e-04 7.511619999968388237e-03 2.260999997361068381e-05
4.560899999887624398e-04 7.193619999998191079e-03 2.194000001054519089e-05
4.042599999820595258e-04 7.078840000031050121e-03 2.099999999245483263e-05
3.963799999837647192e-04 7.375560000036784566e-03 2.111999997396196772e-05
3.926899999896704902e-04 7.095230000004448812e-03 2.133000000412721284e-05
3.887000000304396963e-04 6.875080000031630507e-03 2.555000000938889706e-05
4.031199999872114859e-04 7.667139999966821051e-03 2.243999997517675957e-05
4.063099999711994206e-04 7.255600000053164141e-03 2.101000000038766370e-05
4.241199999569289286e-04 7.688289999941843797e-03 2.268999999159859658e-05
3.982699999824035548e-04 7.265780000011545781e-03 2.073999999083753074e-05
3.991100000121150298e-04 7.544039999993401233e-03 2.170999998725164982e-05
5.155700000614160672e-04 1.033004000000801136e-02 2.776000001176726141e-05
8.064500000045882406e-04 1.065594999997756566e-02 2.741000002970395144e-05
7.808900000100038380e-04 1.029208000002199662e-02 2.616000001580687172e-05
6.008199999314456363e-04 1.035248999999112060e-02 2.643000004809437087e-05
7.898599999634825291e-04 1.052829000002475368e-02 2.801000000545172884e-05
6.832700000131807904e-04 1.055690000000595284e-02 2.679999997781124102e-05
7.777000000032785031e-04 1.022825000002285448e-02 2.725000006194022785e-05
